0 0.15087384259259257 0.21796875 0.05314814814814817 0.028784722222222215
0 0.3116550925925926 0.24631944444444445 0.046527777777777765 0.02538194444444448
0 0.5233912037037036 0.2887152777777778 0.035960648148148165 0.02802083333333334
0 0.5955266203703704 0.2565798611111111 0.028229166666666573 0.015243055555555607
0 0.6058275462962962 0.24918402777777776 0.0331018518518519 0.01701388888888893
0 0.7177719907407407 0.2588715277777778 0.029976851851851904 0.01687500000000002
0 0.8283391203703705 0.26692708333333337 0.034479166666666575 0.01552083333333334
0 0.027175925925925926 0.45986111111111116 0.02547453703703704 0.018229166666666786
0 0.021851851851851855 0.45177083333333334 0.02060185185185186 0.016458333333333287
0 0.0646238425925926 0.8926909722222222 0.02979166666666666 0.015312499999999929
0 0.10145833333333334 0.5487673611111111 0.03273148148148151 0.013888888888888928
0 0.5663888888888888 0.7343576388888889 0.035960648148148165 0.02802083333333343
0 0.9515162037037037 0.3077430555555556 0.025474537037037236 0.01822916666666661
0 0.9578877314814814 0.32687499999999997 0.019780092592592523 0.022638888888888965
0 0.95234375 0.36039930555555555 0.022719907407407546 0.021215277777777784
0 0.7876215277777778 0.5839756944444444 0.029606481481481595 0.013749999999999929
0 0.6895023148148148 0.6895659722222222 0.03053240740740737 0.02156249999999993
0 0.7167476851851852 0.75125 0.035219907407407366 0.021770833333333427
0 0.32973379629629634 0.9154687500000002 0.026851851851851904 0.016736111111111285
0 0.3446701388888889 0.9153472222222222 0.02078703703703706 0.018020833333333285
0 0.3701736111111111 0.9188368055555556 0.035219907407407366 0.021770833333333427
0 0.40514467592592596 0.9219618055555557 0.026851851851851904 0.016736111111111285
0 0.4572106481481482 0.9266319444444445 0.024097222222222214 0.019722222222222287
0 0.6813773148148148 0.9436631944444442 0.026851851851851904 0.016736111111111285
0 0.822974537037037 0.8886979166666666 0.023645833333333144 0.029027777777777784
0 0.8652141203703703 0.8835069444444444 0.02483796296296319 0.025972222222222285
0 0.821087962962963 0.8383506944444445 0.024467592592592523 0.022847222222222286
0 0.8830787037037038 0.7924131944444445 0.026770833333333143 0.029166666666666608
0 0.8742939814814814 0.6412326388888889 0.036412037037037236 0.018715277777777928
0 0.9020370370370371 0.6589583333333333 0.023275462962962835 0.025902777777777785
0 0.9110358796296296 0.6161631944444445 0.026770833333333143 0.029166666666666785