0 0.029855324074074076 0.38984375 0.054606481481481485 0.05
0 0.17250000000000001 0.2953125 0.0497800925925926 0.0453125
0 0.36427662037037034 0.17734375 0.04339120370370368 0.040625
0 0.39533564814814814 0.1046875 0.030520833333333285 0.028125
0 0.39726851851851847 0.0921875 0.03373842592592595 0.03125
0 0.4900231481481482 0.0203125 0.03373842592592595 0.03125
0 0.11456597222222223 0.6421875 0.030567129629629618 0.0296875
0 0.10447916666666668 0.63984375 0.02574074074074071 0.025
0 0.28588541666666667 0.871875 0.03700231481481486 0.0359375
0 0.30380208333333336 0.9 0.025787037037037042 0.0265625
0 0.3049074074074074 0.8890625 0.019305555555555555 0.01875
0 0.4612442129629629 0.9125 0.030520833333333285 0.028125
0 0.2361863425925926 0.65078125 0.03369212962962962 0.0296875
0 0.7240972222222222 0.45234375 0.0418287037037036 0.040625
0 0.7817361111111112 0.19453125 0.02891203703703695 0.0265625
0 0.7853819444444443 0.33515625 0.03534722222222229 0.0328125
0 0.8510706018518519 0.359375 0.038564814814814954 0.0359375
0 0.6795717592592594 0.7421875 0.02891203703703695 0.0265625
0 0.6900289351851852 0.73203125 0.02574074074074062 0.025
0 0.7123668981481481 0.71640625 0.038564814814814774 0.0359375
0 0.7403819444444444 0.69375 0.02891203703703695 0.0265625
0 0.7835416666666667 0.6609375 0.030567129629629618 0.0296875
0 0.9659722222222221 0.515625 0.02891203703703695 0.0265625
0 0.9834953703703704 0.34609375 0.013472222222222285 0.0328125