0 0.203125 0.78984375 0.0421875 0.021875
0 0.35 0.7765625 0.0390625 0.0203125
0 0.54296875 0.75390625 0.028125 0.0234375
0 0.60390625 0.7875 0.0234375 0.0109375
0 0.6109375 0.79453125 0.028125 0.0125
0 0.7125 0.79375 0.02578125 0.0125
0 0.81171875 0.79453125 0.02890625 0.01171875
0 0.1265625 0.5671875 0.02109375 0.01484375
0 0.12109375 0.57421875 0.015625 0.01484375
0 0.1203125 0.31171875 0.02265625 0.02265625
0 0.11796875 0.2828125 0.0109375 0.021875
0 0.125 0.2890625 0.0109375 0.0125
0 0.21875 0.18671875 0.02421875 0.0109375
0 0.2046875 0.49375 0.02890625 0.01015625
0 0.6421875 0.3625 0.028125 0.02265625
0 0.9265625 0.7671875 0.02109375 0.01328125
0 0.93515625 0.75078125 0.0171875 0.01953125
0 0.93515625 0.72109375 0.01796875 0.01796875
0 0.81875 0.5109375 0.02421875 0.009375
0 0.74609375 0.4109375 0.02421875 0.0171875
0 0.778125 0.3578125 0.02890625 0.015625
0 0.4578125 0.18515625 0.02265625 0.0125
0 0.47109375 0.18671875 0.0171875 0.015625
0 0.49375 0.18515625 0.02890625 0.0171875
0 0.525 0.18515625 0.021875 0.0125
0 0.57265625 0.184375 0.0203125 0.015625
0 0.7734375 0.18515625 0.02265625 0.0125
0 0.89140625 0.24375 0.0171875 0.02578125
0 0.928125 0.25078125 0.01796875 0.0234375
0 0.88359375 0.28828125 0.0203125 0.0203125
0 0.93203125 0.3328125 0.01875 0.025
0 0.903125 0.46640625 0.03046875 0.01484375
0 0.93046875 0.45234375 0.015625 0.02109375
0 0.9328125 0.490625 0.01953125 0.02578125