0 0.24729166666666663 0.5055034722222222 0.04844907407407408 0.05451388888888893
0 0.3200983796296296 0.34020833333333333 0.04844907407407408 0.05451388888888893
0 0.3455844907407407 0.32306134259259256 0.040266203703703686 0.04178240740740744
0 0.3078414351851852 0.49043981481481486 0.041874999999999926 0.0433912037037036
0 0.33881944444444445 0.4723495370370371 0.046655092592592595 0.046655092592592595
0 0.40380208333333334 0.46574074074074073 0.04513888888888893 0.04817129629629626
0 0.3430092592592593 0.5416956018518518 0.046793981481481416 0.05134259259259259
0 0.3768460648148148 0.5851851851851853 0.045092592592592594 0.04660879629629626
0 0.5248784722222222 0.22564236111111108 0.041874999999999926 0.04339120370370377
0 0.671875 0.1908449074074074 0.04844907407407408 0.05451388888888893
0 0.5059143518518519 0.3651446759259259 0.041874999999999926 0.04339120370370377
0 0.5552199074074073 0.28172453703703704 0.05152777777777775 0.053043981481481414
0 0.5549826388888889 0.3160763888888889 0.04844907407407408 0.05451388888888893
0 0.4793576388888889 0.4447685185185185 0.04513888888888893 0.04817129629629626
0 0.6032928240740741 0.3716261574074074 0.05134259259259259 0.046793981481481416
0 0.5889756944444444 0.48601273148148144 0.048263888888888926 0.048263888888888926
0 0.5657060185185185 0.5600752314814815 0.040266203703703596 0.04178240740740744