0 0.26785300925925926 0.875 0.04312500000000004 0.0421875
0 0.3672974537037037 0.87734375 0.029120370370370362 0.0265625
0 0.5024247685185185 0.990625 0.056493055555555574 0.01875
0 0.5333217592592593 0.93828125 0.03939814814814824 0.0359375
0 0.3236805555555556 0.75703125 0.04282407407407405 0.0390625
0 0.2186516203703704 0.68046875 0.05682870370370363 0.0546875
0 0.35722800925925924 0.64296875 0.050127314814814736 0.05
0 0.4805381944444445 0.6984375 0.02896990740740755 0.025
0 0.3866840277777778 0.49453125 0.031134259259259257 0.03125
0 0.5382002314814814 0.59140625 0.05451388888888893 0.046875
0 0.6640625 0.73828125 0.04841435185185183 0.0484375
0 0.8180613425925927 0.8609375 0.039849537037036954 0.040625
0 0.8484201388888888 0.82734375 0.0535532407407409 0.053125
0 0.9855092592592593 0.76015625 0.028981481481481452 0.0453125
0 0.7001331018518518 0.40703125 0.05869212962962962 0.0578125
0 0.5349247685185186 0.484375 0.06181712962962962 0.0578125
0 0.44048032407407406 0.35546875 0.04297453703703695 0.040625
0 0.5472280092592593 0.26328125 0.05385416666666672 0.05625
0 0.4136631944444445 0.15 0.04327546296296294 0.04375