0 0.5724074074074074 0.1784375 0.02473379629629626 0.020636574074074064
0 0.5254282407407407 0.2268576388888889 0.018263888888888857 0.018981481481481488
0 0.4683275462962963 0.25875578703703705 0.01982638888888886 0.019004629629629656
0 0.7857638888888889 0.3039988425925926 0.023391203703703668 0.022175925925925988
0 0.7250636574074074 0.3490972222222222 0.021145833333333287 0.028379629629629654
0 0.6378125 0.38834490740740735 0.020949074074074047 0.01590277777777782
0 0.5652025462962963 0.36543981481481486 0.01938657407407405 0.015879629629629653
0 0.3674826388888889 0.445150462962963 0.030104166666666644 0.014479166666666644
0 0.5761284722222222 0.47630787037037037 0.021828703703703666 0.022152777777777643
0 0.743912037037037 0.4608622685185185 0.034351851851851835 0.011423611111111143
0 0.6074016203703703 0.5711053240740741 0.042164351851851835 0.011539351851851797
0 0.4732349537037036 0.5761342592592593 0.027858796296296263 0.02068287037037031
0 0.5271759259259259 0.6658101851851852 0.035671296296296263 0.020798611111111143
0 0.5209722222222222 0.7491377314814816 0.04528935185185183 0.011585648148148131
0 0.6816608796296296 0.7109780092592592 0.045046296296296265 0.020937500000000143
0 0.9084085648148148 0.6270196759259259 0.04035879629629626 0.020868055555555643
0 0.9566956018518518 0.6986805555555555 0.023634259259259237 0.012824074074073977
0 0.8798206018518518 0.7396412037037037 0.022731481481481453 0.01748842592592581