0 0.5625 0.32265625 0.04609375 0.02109375
0 0.41796875 0.35625 0.0328125 0.01328125
0 0.45625 0.3890625 0.0265625 0.02109375
0 0.48671875 0.39921875 0.025 0.025
0 0.5234375 0.44609375 0.03828125 0.01640625
0 0.4390625 0.44453125 0.034375 0.01875
0 0.4359375 0.48828125 0.04140625 0.02578125
0 0.53671875 0.609375 0.03828125 0.02109375
0 0.63828125 0.46640625 0.0328125 0.02265625
0 0.71171875 0.45859375 0.04765625 0.025
0 0.82421875 0.496875 0.04765625 0.01875
0 0.6703125 0.53671875 0.028125 0.0359375