0 0.46015625 0.24921875 0.034375 0.025
0 0.51640625 0.31328125 0.025 0.02109375
0 0.2796875 0.32109375 0.03671875 0.03203125
0 0.34609375 0.371875 0.025 0.0296875
0 0.39296875 0.40078125 0.025 0.01953125
0 0.775 0.4421875 0.025 0.03125
0 0.41484375 0.4984375 0.0265625 0.02265625
0 0.45625 0.5109375 0.0265625 0.025
0 0.62109375 0.54453125 0.025 0.025
0 0.559375 0.61328125 0.025 0.03125
0 0.47890625 0.61953125 0.028125 0.03125
0 0.18203125 0.6328125 0.0328125 0.02109375
0 0.23515625 0.7203125 0.0265625 0.02265625
0 0.3375 0.7390625 0.03984375 0.02734375
0 0.55703125 0.734375 0.04296875 0.01875