0 0.62734375 0.44609375 0.01796875 0.02890625
0 0.48828125 0.37421875 0.01796875 0.0171875
0 0.47890625 0.315625 0.028125 0.0234375
0 0.5359375 0.24765625 0.01953125 0.02578125
0 0.47734375 0.2015625 0.021875 0.01640625
0 0.4015625 0.175 0.03984375 0.0125
0 0.2671875 0.31953125 0.028125 0.03125
0 0.3078125 0.365625 0.0328125 0.01953125
0 0.4015625 0.365625 0.0234375 0.0171875
0 0.42265625 0.45703125 0.028125 0.02578125
0 0.35625 0.46953125 0.028125 0.02109375
0 0.359375 0.48828125 0.034375 0.01640625
0 0.48515625 0.52109375 0.01796875 0.02109375
0 0.60546875 0.60078125 0.01640625 0.0234375
0 0.47890625 0.640625 0.04140625 0.02578125
0 0.57890625 0.690625 0.04296875 0.01953125
0 0.63515625 0.746875 0.04609375 0.0125
0 0.36171875 0.73671875 0.03984375 0.025
0 0.17421875 0.72421875 0.04140625 0.0171875
0 0.1234375 0.67890625 0.025 0.01328125
0 0.21171875 0.61171875 0.0296875 0.02265625