0 0.6765625 0.2125 0.01953125 0.02578125
0 0.04453125 0.325 0.0234375 0.02265625
0 0.55390625 0.32734375 0.04609375 0.025
0 0.4125 0.36015625 0.03125 0.02109375
0 0.5796875 0.340625 0.028125 0.01640625
0 0.45390625 0.39375 0.028125 0.02109375
0 0.39765625 0.44765625 0.028125 0.02734375
0 0.5125 0.44921875 0.0328125 0.0109375
0 0.4796875 0.40703125 0.01328125 0.02890625
0 0.43984375 0.4453125 0.04296875 0.01484375
0 0.46875 0.48046875 0.021875 0.02109375
0 0.42265625 0.48984375 0.028125 0.02265625
0 0.56015625 0.49140625 0.0296875 0.0171875
0 0.52890625 0.6046875 0.0265625 0.01875
0 0.584375 0.584375 0.025 0.0234375
0 0.6640625 0.5390625 0.021875 0.0296875
0 0.6265625 0.46796875 0.01640625 0.02109375
0 0.72578125 0.41328125 0.0265625 0.01640625
0 0.69921875 0.4609375 0.03671875 0.02734375
0 0.68671875 0.48046875 0.04140625 0.02109375
0 0.8109375 0.496875 0.04453125 0.01640625
0 0.784375 0.56328125 0.021875 0.02265625