0 0.67265625 0.21171875 0.0125 0.01953125
0 0.55390625 0.3265625 0.03828125 0.01171875
0 0.57734375 0.33828125 0.0234375 0.0140625
0 0.0453125 0.3234375 0.021875 0.0140625
0 0.41640625 0.36015625 0.02734375 0.01171875
0 0.39921875 0.3859375 0.01875 0.01171875
0 0.45 0.39296875 0.01640625 0.0171875
0 0.47265625 0.4046875 0.0109375 0.02265625
0 0.51953125 0.4296875 0.03828125 0.01015625
0 0.4328125 0.4453125 0.0265625 0.0140625
0 0.3984375 0.44921875 0.0125 0.0234375
0 0.365625 0.4578125 0.03515625 0.0125
0 0.5125 0.4546875 0.03125 0.00859375
0 0.46484375 0.48046875 0.01796875 0.0140625
0 0.4203125 0.4859375 0.01875 0.01875
0 0.55703125 0.4875 0.0296875 0.01328125
0 0.621875 0.46953125 0.02109375 0.01328125
0 0.71796875 0.4125 0.0140625 0.01484375
0 0.69921875 0.4578125 0.040625 0.01875
0 0.6859375 0.475 0.03515625 0.01640625
0 0.80390625 0.49453125 0.0328125 0.0125
0 0.659375 0.53671875 0.0078125 0.021875
0 0.7828125 0.5578125 0.0234375 0.0234375
0 0.93046875 0.58125 0.02421875 0.01640625
0 0.57734375 0.58125 0.0140625 0.02578125
0 0.5203125 0.603125 0.02890625 0.0109375
0 0.51875 0.690625 0.0234375 0.0140625