0 0.4980555555555556 0.727199074074074 0.03739583333333343 0.03414351851851851
0 0.5792361111111111 0.7257523148148148 0.024479166666666607 0.024305555555555535
0 0.6626215277777778 0.72734375 0.041874999999999926 0.029629629629629582
0 0.5186111111111111 0.5805844907407407 0.024479166666666784 0.024305555555555535
0 0.6956770833333333 0.4749710648148149 0.036250000000000074 0.043460648148148096
0 0.7835416666666667 0.48107638888888893 0.05031250000000007 0.04398148148148131
0 0.5725868055555556 0.5068287037037037 0.030798611111111106 0.026099537037037025
0 0.2707638888888889 0.6116030092592593 0.03732638888888893 0.03258101851851851
0 0.5170659722222222 0.45740740740740743 0.030798611111111106 0.026099537037037025
0 0.6081770833333333 0.3729166666666667 0.04194444444444443 0.031192129629629584
0 0.43595486111111115 0.4572916666666666 0.04215277777777775 0.03587962962962976
0 0.38746527777777773 0.33741319444444445 0.059687500000000074 0.044328703703703634
0 0.25307291666666665 0.4305266203703704 0.04861111111111107 0.04079861111111107
0 0.2479861111111111 0.3168402777777778 0.04861111111111107 0.04079861111111107
0 0.6729166666666667 0.1271701388888889 0.031006944444444427 0.030787037037037022
0 0.6907465277777778 0.024334490740740736 0.03732638888888893 0.032581018518518516
0 0.5900694444444444 0.025723379629629627 0.04725694444444439 0.04542824074074074
0 0.3863715277777778 0.16898148148148148 0.06131944444444439 0.045949074074074045
0 0.17328125 0.2603298611111111 0.05961805555555557 0.04276620370370372