0 0.55546875 0.32734375 0.0375 0.01484375
0 0.57890625 0.33984375 0.01953125 0.01328125
0 0.4140625 0.36015625 0.0265625 0.01015625
0 0.45078125 0.39375 0.028125 0.021875
0 0.475 0.40546875 0.01328125 0.02578125
0 0.43125 0.44140625 0.0328125 0.009375
0 0.4203125 0.48828125 0.01328125 0.01875
0 0.509375 0.4484375 0.0328125 0.00390625
0 0.72265625 0.41484375 0.015625 0.01171875
0 0.7 0.45859375 0.03046875 0.02265625
0 0.6265625 0.4703125 0.0109375 0.0125
0 0.68515625 0.48125 0.02890625 0.0125
0 0.8125 0.4984375 0.03046875 0.00703125
0 0.6609375 0.54140625 0.01796875 0.02265625
0 0.52265625 0.60703125 0.02734375 0.0078125