0 0.67265625 0.21015625 0.03984375 0.0234375
0 0.55859375 0.33046875 0.03671875 0.01328125
0 0.58046875 0.3390625 0.0265625 0.02109375
0 0.046875 0.32265625 0.025 0.02109375
0 0.41796875 0.35859375 0.03984375 0.01484375
0 0.40546875 0.3859375 0.0265625 0.02109375
0 0.4515625 0.3921875 0.01953125 0.01953125
0 0.47734375 0.403125 0.021875 0.025
0 0.5203125 0.43125 0.03828125 0.0125
0 0.43515625 0.44375 0.0296875 0.01484375
0 0.4 0.4484375 0.0234375 0.02578125
0 0.36484375 0.4609375 0.03125 0.02109375
0 0.4234375 0.484375 0.0234375 0.02578125
0 0.4703125 0.48125 0.025 0.025
0 0.51484375 0.453125 0.04140625 0.01640625
0 0.6234375 0.425 0.0234375 0.01875
0 0.7234375 0.4109375 0.025 0.01875
0 0.69453125 0.45546875 0.04609375 0.02890625
0 0.6234375 0.46875 0.03671875 0.0171875
0 0.5546875 0.4875 0.03125 0.02734375
0 0.80390625 0.49453125 0.04296875 0.02109375
0 0.68515625 0.47890625 0.04453125 0.01875
0 0.66171875 0.5390625 0.03984375 0.03359375
0 0.77890625 0.559375 0.01953125 0.02265625
0 0.5828125 0.58125 0.03828125 0.02890625
0 0.5203125 0.60546875 0.028125 0.02578125
0 0.52890625 0.690625 0.03984375 0.034375
0 0.9375 0.58203125 0.01953125 0.0234375