0 0.4640625 0.23984375 0.03125 0.01875
0 0.51640625 0.303125 0.021875 0.0234375
0 0.278125 0.3203125 0.0265625 0.025
0 0.34453125 0.37109375 0.025 0.02890625
0 0.28046875 0.44140625 0.025 0.02265625
0 0.40078125 0.40234375 0.021875 0.02890625
0 0.765625 0.44140625 0.0296875 0.025
0 0.42421875 0.50390625 0.03828125 0.02578125
0 0.4640625 0.5171875 0.028125 0.02265625
0 0.621875 0.5453125 0.03671875 0.02890625
0 0.18671875 0.6359375 0.0234375 0.025
0 0.4734375 0.63203125 0.028125 0.0359375
0 0.5640625 0.6203125 0.0234375 0.03359375
0 0.2234375 0.71484375 0.0265625 0.01875
0 0.328125 0.73828125 0.03828125 0.0234375
0 0.56171875 0.72890625 0.04453125 0.01953125