0 0.873263888888889 0.21003472222222222 0.05815972222222214 0.054062500000000034
0 0.8437789351851851 0.428107638888889 0.04398148148148166 0.05031250000000007
0 0.734201388888889 0.46975694444444444 0.04537037037037024 0.04569444444444439
0 0.7818287037037038 0.25557291666666665 0.045486111111111074 0.048819444444444395
0 0.6271122685185185 0.24053819444444446 0.05046296296296297 0.05684027777777771
0 0.43596643518518513 0.4884895833333333 0.05682870370370381 0.060243055555555536
0 0.4013020833333333 0.3765625 0.05856481481481488 0.06500000000000003
0 0.45532407407407405 0.2927777777777778 0.056655092592592736 0.05555555555555554
0 0.3653356481481482 0.08157986111111111 0.05844907407407405 0.06187499999999999
0 0.26336805555555554 0.2864409722222222 0.04589120370370363 0.05975694444444448
0 0.4744791666666666 0.7254513888888889 0.05815972222222214 0.054062500000000034
0 0.5928819444444444 0.28822916666666665 0.04201388888888893 0.03930555555555557