0 0.5037962962962963 0.36910300925925926 0.03322916666666664 0.028611111111111143
0 0.625636574074074 0.47401041666666666 0.02537037037037031 0.02537037037037031
0 0.6848148148148148 0.4616087962962963 0.03490740740740748 0.03644675925925931
0 0.7258217592592592 0.3825462962962963 0.03322916666666664 0.028611111111111143
0 0.7920023148148149 0.42101851851851857 0.023831018518518477 0.026909722222222144
0 0.8475925925925925 0.48276620370370366 0.027187500000000142 0.042581018518518476
0 0.7651331018518519 0.6635358796296297 0.03961805555555564 0.03807870370370381
0 0.7054571759259259 0.64234375 0.03182870370370381 0.03952546296296298
0 0.6682002314814814 0.5527488425925926 0.026979166666666644 0.028518518518518478
0 0.574681712962963 0.5669849537037036 0.03646990740740748 0.03646990740740748
0 0.5897280092592593 0.6335995370370371 0.031759259259259306 0.03483796296296297
0 0.5702662037037036 0.6379976851851852 0.028680555555555643 0.03791666666666664
0 0.48979745370370364 0.5313599537037037 0.02693287037037031 0.025393518518518475
0 0.36825810185185187 0.4467650462962963 0.030034722222222233 0.02387731481481481
0 0.3803935185185185 0.5805092592592592 0.04134259259259254 0.04903935185185197
0 0.29412615740740744 0.5042476851851851 0.03665509259259263 0.048969907407407476
0 0.21944444444444447 0.4718981481481482 0.03040509259259263 0.04887731481481481
0 0.3364756944444444 0.7267013888888888 0.03975694444444446 0.04745370370370381
0 0.4218344907407407 0.8998032407407408 0.033506944444444464 0.047361111111111145
0 0.4847858796296296 0.9311979166666667 0.022291666666666644 0.02844907407407433
0 0.5128645833333334 0.8230439814814815 0.03180555555555564 0.037962962962962976