0 0.30859375 0.15859375 0.025 0.0171875
0 0.51171875 0.16015625 0.028125 0.0125
0 0.6015625 0.19375 0.01953125 0.01953125
0 0.5046875 0.2078125 0.0234375 0.01640625
0 0.4703125 0.26953125 0.025 0.01328125
0 0.58203125 0.32890625 0.0265625 0.03203125
0 0.41796875 0.3171875 0.0265625 0.02265625
0 0.27421875 0.31171875 0.04296875 0.0234375
0 0.31015625 0.36328125 0.025 0.025
0 0.55625 0.42890625 0.028125 0.0125
0 0.46875 0.4640625 0.01796875 0.0234375
0 0.6171875 0.51796875 0.021875 0.01484375
0 0.3390625 0.54140625 0.0296875 0.01640625
0 0.48203125 0.5453125 0.028125 0.02578125
0 0.53671875 0.5875 0.01796875 0.0234375
0 0.64921875 0.6203125 0.028125 0.0171875
0 0.215625 0.5953125 0.03125 0.01484375
0 0.09140625 0.62734375 0.01484375 0.02265625
0 0.0828125 0.68359375 0.01953125 0.03125
0 0.22265625 0.73046875 0.04140625 0.01484375
0 0.5046875 0.72578125 0.03984375 0.025
0 0.63359375 0.728125 0.0328125 0.01484375
0 0.7625 0.71796875 0.04609375 0.01484375