0 0.47395833333333337 0.1283564814814815 0.021527777777777857 0.025694444444444464
0 0.5680555555555555 0.2833333333333333 0.044965277777777854 0.0265625
0 0.5411458333333334 0.2882523148148148 0.030729166666666786 0.024479166666666607
0 0.70234375 0.3622974537037037 0.03368055555555553 0.02303240740740744
0 0.7137152777777778 0.39403935185185185 0.023958333333333394 0.019560185185185208
0 0.65859375 0.3850983796296296 0.024479166666666607 0.02424768518518521
0 0.6322916666666666 0.3884259259259259 0.023263888888888928 0.027314814814814792
0 0.5769965277777778 0.39910300925925923 0.04322916666666661 0.024942129629629585
0 0.6633680555555556 0.4421875 0.03402777777777786 0.02615740740740744
0 0.6980034722222223 0.45737847222222217 0.0234375 0.02887731481481488
0 0.7299479166666666 0.4765914351851851 0.04184027777777786 0.026446759259259166
0 0.5783854166666667 0.4257233796296296 0.03663194444444447 0.021585648148148097
0 0.6216145833333333 0.4688368055555555 0.025868055555555537 0.022743055555555537
0 0.6660590277777778 0.48758680555555556 0.027777777777777856 0.025925925925925953
0 0.5240451388888889 0.444994212962963 0.036979166666666785 0.024710648148148096
0 0.4608506944444445 0.4057581018518518 0.027256944444444466 0.021238425925925952
0 0.3756076388888889 0.31634837962962964 0.022569444444444465 0.021064814814814793
0 0.38454861111111105 0.3685763888888889 0.05225694444444447 0.03616898148148149
0 0.3940104166666667 0.3901909722222222 0.04392361111111107 0.031192129629629584
0 0.2664930555555555 0.37216435185185187 0.038541666666666606 0.024768518518518513
0 0.4058159722222222 0.4611400462962963 0.016666666666666607 0.023958333333333394
0 0.27196180555555555 0.44256365740740744 0.03645833333333339 0.03402777777777786
0 0.11310763888888889 0.4178530092592593 0.032465277777777767 0.026099537037037025
0 0.47977430555555556 0.5337094907407407 0.028472222222222142 0.032175925925925955
0 0.5336805555555555 0.5740740740740741 0.036805555555555536 0.023148148148148095
0 0.5129340277777777 0.6627025462962963 0.030729166666666606 0.024479166666666607