0 0.19088541666666667 0.4054861111111111 0.015104166666666651 0.037824074074073975
0 0.2513020833333333 0.22615740740740745 0.03663194444444447 0.04936342592592595
0 0.30277777777777776 0.2884837962962963 0.0328125 0.014988425925925952
0 0.25538194444444445 0.49078703703703697 0.016145833333333394 0.019166666666666644
0 0.43125 0.30258680555555556 0.024305555555555535 0.036539351851851795
0 0.4354166666666666 0.35619212962962965 0.03559027777777786 0.025972222222222195
0 0.4839409722222222 0.6202835648148148 0.02517361111111107 0.030335648148148132
0 0.5327256944444445 0.44052083333333336 0.03559027777777786 0.025972222222222285
0 0.55859375 0.5230729166666667 0.028472222222222142 0.04600694444444446
0 0.6300347222222222 0.09735532407407407 0.017708333333333392 0.03322916666666664
0 0.7314236111111111 0.180005787037037 0.026215277777777858 0.039710648148148134
0 0.7259548611111111 0.2922974537037037 0.035416666666666784 0.024409722222222197
0 0.718923611111111 0.47471643518518525 0.024131944444444286 0.048993055555555644