0 0.4369849537037037 0.31437499999999996 0.03993055555555571 0.04763888888888897
0 0.4605439814814815 0.29619791666666667 0.0267708333333335 0.028645833333333304
0 0.42495370370370367 0.4824131944444444 0.02751157407407412 0.034895833333333216
0 0.476082175925926 0.4601736111111111 0.04250000000000007 0.043020833333333286
0 0.49858217592592596 0.43963541666666667 0.03752314814814817 0.027326388888888786
0 0.524236111111111 0.5048784722222223 0.03137731481481474 0.04121527777777771
0 0.5721527777777778 0.5410069444444444 0.029340277777777857 0.024027777777777714
0 0.559230324074074 0.4253993055555555 0.02475694444444443 0.037951388888888896
0 0.5970659722222222 0.1792361111111111 0.023090277777777855 0.023888888888888894
0 0.6384664351851852 0.22612847222222224 0.04424768518518505 0.044618055555555536
0 0.6259027777777778 0.31078125 0.02078703703703706 0.017604166666666643
0 0.6588020833333333 0.25307291666666665 0.03256944444444443 0.038124999999999964
0 0.723119212962963 0.12515625 0.026134259259259274 0.03642361111111114
0 0.7185011574074075 0.30972222222222223 0.03651620370370381 0.03197916666666671
0 0.7454513888888888 0.49109375 0.025763888888888788 0.03329861111111114