0 0.1302546296296296 0.33850694444444446 0.033217592592592604 0.031458333333333324
0 0.16491898148148149 0.22483217592592591 0.03296296296296295 0.029895833333333323
0 0.1940625 0.23087384259259255 0.04048611111111113 0.03775462962962965
0 0.3004745370370371 0.011446759259259259 0.032199074074074116 0.022893518518518518
0 0.25852430555555556 0.22804976851851855 0.03892361111111109 0.03774305555555557
0 0.3435358796296296 0.2313310185185185 0.030891203703703775 0.02675925925925924
0 0.4328530092592592 0.1266377314814815 0.038923611111111 0.03774305555555557
0 0.47325231481481483 0.18734953703703702 0.04179398148148152 0.036203703703703696
0 0.3401909722222222 0.3260011574074074 0.02751157407407412 0.02517361111111107
0 0.2736516203703704 0.3976736111111111 0.058657407407407366 0.05349537037037031
0 0.4003819444444444 0.4217650462962963 0.04023148148148152 0.03619212962962966
0 0.4889293981481481 0.3843460648148148 0.03427083333333343 0.028344907407407405
0 0.5401967592592593 0.25255787037037036 0.03478009259259256 0.031469907407407405
0 0.4555266203703704 0.5441608796296296 0.0329629629629629 0.029895833333333323
0 0.5604224537037037 0.48706597222222225 0.043356481481481524 0.03621527777777782
0 0.5263715277777777 0.6813020833333333 0.04542824074074083 0.0393518518518519
0 0.5935416666666666 0.5799016203703704 0.038923611111111 0.03774305555555557
0 0.6297337962962963 0.37000578703703707 0.045937500000000145 0.042476851851851904
0 0.7195023148148147 0.24888310185185186 0.03503472222222222 0.033032407407407406
0 0.7635648148148148 0.26967592592592593 0.042303240740740836 0.03932870370370374
0 0.8439062500000001 0.16270254629629627 0.0329629629629629 0.029895833333333323
0 0.921273148148148 0.19107060185185185 0.04906250000000014 0.04249999999999998
0 0.920150462962963 0.31857638888888895 0.044629629629629616 0.04402777777777782
0 0.7382465277777778 0.637494212962963 0.053460648148148236 0.05033564814814824
0 0.6356886574074074 0.7665335648148148 0.042303240740740655 0.03932870370370374
0 0.5375578703703704 0.8603414351851854 0.037106481481481525 0.03616898148148166