0 0.28125 0.32265625 0.0265625 0.0375
0 0.4484375 0.2671875 0.0328125 0.02109375
0 0.515625 0.33203125 0.0265625 0.025
0 0.3453125 0.37265625 0.0296875 0.0234375
0 0.3875 0.4890625 0.03828125 0.0234375
0 0.63125 0.540625 0.03671875 0.0296875
0 0.56328125 0.6046875 0.04140625 0.02890625
0 0.484375 0.59453125 0.0296875 0.03359375
0 0.19375 0.63828125 0.04296875 0.0296875
0 0.26171875 0.725 0.025 0.02578125
0 0.36328125 0.73359375 0.03828125 0.03125
0 0.5453125 0.73515625 0.04296875 0.0171875
0 0.7890625 0.43046875 0.0265625 0.0375
0 0.434375 0.49765625 0.021875 0.025