0 0.046875 0.3203125 0.021875 0.0171875
0 0.68046875 0.21015625 0.03125 0.01875
0 0.55859375 0.325 0.03984375 0.01484375
0 0.41640625 0.35703125 0.0296875 0.01484375
0 0.5828125 0.33828125 0.025 0.01484375
0 0.4078125 0.38359375 0.025 0.02109375
0 0.45703125 0.3890625 0.025 0.01953125
0 0.40390625 0.44765625 0.028125 0.025
0 0.4390625 0.440625 0.025 0.01640625
0 0.51328125 0.45 0.04453125 0.01015625
0 0.48125 0.4015625 0.01953125 0.03203125
0 0.42421875 0.4828125 0.028125 0.0234375
0 0.46953125 0.4765625 0.01953125 0.02109375
0 0.72578125 0.41171875 0.0296875 0.02265625
0 0.56171875 0.484375 0.028125 0.02109375
0 0.62578125 0.46796875 0.025 0.0234375
0 0.696875 0.45625 0.03125 0.025
0 0.69140625 0.475 0.0328125 0.01953125
0 0.81015625 0.4921875 0.0234375 0.025
0 0.78671875 0.56328125 0.0234375 0.034375
0 0.93515625 0.58125 0.028125 0.0234375
0 0.665625 0.53359375 0.025 0.03125
0 0.58515625 0.58046875 0.0234375 0.02265625
0 0.52578125 0.59921875 0.0265625 0.0234375
0 0.52421875 0.68671875 0.0234375 0.01875