0 0.12248263888888888 0.74765625 0.03605324074074075 0.034375
0 0.2464699074074074 0.68984375 0.034895833333333307 0.028125
0 0.7655381944444445 0.82734375 0.01898148148148131 0.0265625
0 0.4190972222222221 0.63515625 0.03917824074074083 0.034375
0 0.4418113425925926 0.68125 0.04328703703703703 0.03125
0 0.29236111111111107 0.665625 0.05891203703703703 0.03125
0 0.2736111111111111 0.64453125 0.029918981481481487 0.0265625
0 0.17740162037037038 0.53125 0.03773148148148149 0.0265625
0 0.4653356481481482 0.65546875 0.031481481481481485 0.0265625
0 0.5002025462962962 0.59375 0.035648148148148096 0.040625
0 0.5367766203703704 0.59453125 0.040451388888888926 0.0328125
0 0.40581597222222215 0.6140625 0.035358796296296194 0.0390625
0 0.3785300925925926 0.57578125 0.05237268518518521 0.0296875
0 0.45954861111111106 0.58125 0.04473379629629619 0.0390625
0 0.27358217592592593 0.54765625 0.03402777777777777 0.0234375
0 0.27543402777777776 0.525 0.04143518518518521 0.0296875
0 0.21750578703703702 0.49609375 0.0640625 0.0421875
0 0.13119212962962962 0.41796875 0.0458333333333333 0.028125
0 0.36015625 0.50625 0.04785879629629637 0.0390625
0 0.39273726851851853 0.55390625 0.05891203703703703 0.03125
0 0.49071180555555555 0.54375 0.06365740740740744 0.0484375
0 0.42948495370370365 0.5453125 0.03917824074074083 0.034375
0 0.44774305555555555 0.54375 0.03559027777777786 0.0234375
0 0.42870370370370364 0.52421875 0.03362268518518512 0.0296875
0 0.297511574074074 0.50703125 0.059375 0.0421875
0 0.23249421296296297 0.47421875 0.07638888888888892 0.0328125
0 0.18903356481481481 0.3671875 0.0530092592592593 0.05
0 0.05957754629629629 0.2984375 0.05555555555555556 0.046875
0 0.29409722222222223 0.42421875 0.05341435185185191 0.04375
0 0.26171875 0.40078125 0.05457175925925926 0.05
0 0.39537037037037037 0.4046875 0.04814814814814818 0.040625
0 0.45489004629629626 0.40390625 0.059085648148148096 0.040625
0 0.5026909722222221 0.31875 0.05254629629629619 0.0390625
0 0.3894675925925926 0.19609375 0.04699074074074074 0.034375