0 0.9504050925925925 0.6290856481481482 0.02887731481481488 0.02052083333333332
0 0.8399884259259259 0.5087037037037037 0.029398148148148097 0.03458333333333332
0 0.80078125 0.4701215277777777 0.020601851851851906 0.050138888888889
0 0.7880497685185185 0.4973784722222222 0.020254629629629584 0.040763888888889
0 0.7640046296296296 0.2815162037037037 0.010995370370370239 0.0438194444444445
0 0.7318287037037037 0.26408564814814817 0.019560185185185118 0.022013888888888822
0 0.720023148148148 0.32964120370370364 0.02442129629629619 0.02673611111111107
0 0.7031828703703704 0.36233796296296295 0.030034722222222143 0.009594907407407404
0 0.669068287037037 0.4183506944444445 0.023263888888888928 0.03766203703703699
0 0.6544560185185185 0.30649305555555556 0.017303240740740834 0.04542824074074074
0 0.6523148148148148 0.25880787037037034 0.03194444444444446 0.018981481481481488
0 0.633738425925926 0.21178240740740742 0.014178240740740833 0.04540509259259258
0 0.5973668981481481 0.28653356481481485 0.02013888888888893 0.03763888888888882
0 0.6043981481481481 0.34988425925925926 0.01643518518518512 0.021990740740740745
0 0.6153645833333334 0.3702835648148148 0.013483796296296192 0.026655092592592668
0 0.5915219907407407 0.38104745370370374 0.02424768518518512 0.02204861111111107
0 0.6396701388888889 0.410318287037037 0.015451388888888928 0.03760416666666657
0 0.592042824074074 0.4724826388888889 0.02303240740740744 0.03141203703703717
0 0.6640625 0.5535069444444444 0.022974537037037022 0.029849537037037167
0 0.6770833333333333 0.6872337962962962 0.01990740740740744 0.031388888888889
0 0.6196180555555555 0.6563310185185185 0.029629629629629582 0.04083333333333332
0 0.61015625 0.5531076388888889 0.019502314814814882 0.020451388888888998
0 0.5988715277777777 0.6467997685185185 0.011111111111111072 0.0469444444444445
0 0.562673611111111 0.8012615740740741 0.01192129629629619 0.0688194444444445
0 0.5151331018518518 0.6078877314814815 0.028993055555555536 0.02364583333333332
0 0.4927372685185185 0.6639872685185185 0.022974537037037022 0.029849537037037167
0 0.477199074074074 0.767025462962963 0.025694444444444464 0.018935185185185333
0 0.4416087962962963 0.9683796296296296 0.02604166666666661 0.028310185185185334
0 0.46050347222222215 0.5004224537037036 0.03182870370370381 0.01585648148148149
0 0.43605324074074076 0.4220949074074074 0.010879629629629583 0.0406944444444445
0 0.31814236111111105 0.4196585648148147 0.01990740740740744 0.031388888888889