0 0.40512152777777777 0.18975694444444444 0.053622685185185225 0.0510763888888889
0 0.3158159722222222 0.40453124999999995 0.07706018518518523 0.05159722222222225
0 0.3460416666666667 0.4061979166666667 0.05108796296296294 0.04166666666666678
0 0.14471643518518518 0.5361631944444445 0.05717592592592591 0.04024305555555561
0 0.15090277777777777 0.57421875 0.05108796296296294 0.04166666666666661
0 0.21418981481481483 0.5502083333333333 0.047800925925925955 0.040034722222222284
0 0.2518518518518518 0.5478125 0.03858796296296294 0.04138888888888879
0 0.31707175925925923 0.5502604166666666 0.04731481481481481 0.03534722222222229
0 0.1665625 0.6486979166666667 0.04721064814814815 0.049374999999999857
0 0.21204282407407407 0.6235243055555555 0.050601851851851884 0.036979166666666785
0 0.1365162037037037 0.6828819444444445 0.06908564814814815 0.049861111111111
0 0.22377314814814814 0.6832812500000001 0.04656249999999993 0.04312500000000004
0 0.27359374999999997 0.6463194444444444 0.032928240740740744 0.031909722222222214
0 0.29041087962962964 0.6194444444444445 0.044351851851851795 0.036840277777777784
0 0.32428240740740744 0.5859548611111112 0.05125000000000002 0.04322916666666661
0 0.4444328703703704 0.4796180555555555 0.03950231481481481 0.03517361111111121
0 0.3357118055555556 0.34796875 0.03917824074074074 0.032048611111111035
0 0.4023900462962963 0.5468055555555555 0.03761574074074083 0.032013888888888786
0 0.4701215277777778 0.5250347222222222 0.03950231481481481 0.03517361111111121
0 0.3937037037037037 0.592986111111111 0.05954861111111116 0.04809027777777786
0 0.5501967592592593 0.5871701388888889 0.053622685185185225 0.05107638888888886
0 0.46714120370370366 0.6965798611111111 0.0672569444444445 0.062291666666666676
0 0.40370949074074075 0.7595659722222223 0.04796296296296294 0.041597222222222285
0 0.44980324074074074 0.8637673611111112 0.05593749999999993 0.043333333333333356
0 0.5632291666666667 0.40137152777777774 0.04952546296296312 0.04163194444444436
0 0.5549942129629629 0.47326388888888893 0.07474537037037035 0.05934027777777793
0 0.5567939814814815 0.49348958333333337 0.0726967592592592 0.0546180555555555
0 0.711412037037037 0.445625 0.06736111111111107 0.048263888888888926
0 0.7162094907407408 0.5421701388888889 0.05707175925925938 0.05427083333333336
0 0.9180324074074075 0.46753472222222225 0.05626157407407391 0.04645833333333336