0 0.67578125 0.21171875 0.025 0.02578125
0 0.55625 0.32890625 0.03125 0.0109375
0 0.58125 0.34140625 0.01484375 0.01640625
0 0.721875 0.4140625 0.021875 0.01484375
0 0.70078125 0.45859375 0.0234375 0.03125
0 0.81015625 0.49765625 0.03671875 0.01015625
0 0.69140625 0.475 0.03984375 0.01484375
0 0.6265625 0.4703125 0.0296875 0.0171875
0 0.41640625 0.3640625 0.03671875 0.01875
0 0.40234375 0.38984375 0.021875 0.01640625
0 0.4 0.44921875 0.0234375 0.03125
0 0.453125 0.39375 0.01953125 0.02109375
0 0.4765625 0.40625 0.01640625 0.02109375
0 0.51171875 0.45546875 0.03125 0.01328125
0 0.4359375 0.44609375 0.03125 0.0171875
0 0.04375 0.32265625 0.025 0.01875
0 0.55859375 0.48828125 0.0234375 0.01953125
0 0.46796875 0.48203125 0.0234375 0.01953125
0 0.4234375 0.4875 0.0265625 0.025
0 0.66171875 0.5390625 0.0234375 0.02890625
0 0.78515625 0.5625 0.01640625 0.02109375
0 0.93515625 0.58515625 0.028125 0.02265625
0 0.58046875 0.58515625 0.01953125 0.0296875
0 0.52421875 0.60703125 0.03671875 0.01875