0 0.2607638888888889 0.5778472222222222 0.05798611111111107 0.05263888888888886
0 0.37960069444444444 0.5163715277777777 0.05115740740740744 0.049374999999999857
0 0.4766203703703704 0.34555555555555556 0.04890046296296298 0.05399305555555554
0 0.5105613425925926 0.34244791666666663 0.05341435185185191 0.044756944444444446
0 0.41941550925925924 0.48567708333333337 0.043807870370370414 0.060104166666666715
0 0.42890625 0.5199826388888888 0.03049768518518512 0.03024305555555564
0 0.5119502314814814 0.39654513888888887 0.03460648148148149 0.027222222222222214
0 0.5208622685185185 0.4277256944444444 0.041724537037037025 0.032048611111111215
0 0.6033275462962963 0.32234375000000004 0.044212962962962975 0.053888888888888965
0 0.5842592592592594 0.3549305555555556 0.042303240740740836 0.03517361111111104
0 0.4901041666666667 0.7021875 0.041608796296296366 0.039826388888888786
0 0.5194444444444445 0.5979861111111111 0.03761574074074083 0.035069444444444466
0 0.5439236111111111 0.4844791666666667 0.03663194444444429 0.03815972222222221
0 0.5743055555555555 0.39437500000000003 0.041898148148148094 0.04138888888888888
0 0.6261574074074074 0.39479166666666665 0.05601851851851851 0.058819444444444445
0 0.5736111111111111 0.48381944444444447 0.046469907407407265 0.049270833333333285
0 0.567650462962963 0.8244097222222223 0.04050925925925917 0.050694444444444285
0 0.5458912037037037 0.6899652777777778 0.04745370370370363 0.04618055555555554
0 0.5403935185185185 0.6179166666666667 0.027777777777777856 0.023958333333333214
0 0.568431712962963 0.6125868055555556 0.03703703703703702 0.03194444444444446
0 0.6021701388888889 0.5490798611111112 0.04033564814814809 0.04135416666666671
0 0.5944155092592592 0.4606076388888889 0.03547453703703703 0.031909722222222214
0 0.6099247685185185 0.4469270833333333 0.040451388888888926 0.03357638888888879
0 0.6157118055555555 0.4781770833333333 0.03576388888888893 0.033472222222222216
0 0.7452835648148148 0.5466840277777778 0.0393518518518519 0.04444444444444447
0 0.8451099537037038 0.5774131944444445 0.04432870370370381 0.046111111111111214
0 0.647164351851852 0.982673611111111 0.035416666666666784 0.014791666666666713
0 0.650607638888889 0.8233506944444444 0.039293981481481485 0.027326388888888786
0 0.6419560185185185 0.6792013888888888 0.049710648148148094 0.041562499999999857
0 0.6550636574074075 0.7330381944444444 0.041319444444444464 0.038263888888888965
0 0.7091145833333334 0.6055381944444445 0.050983796296296194 0.040034722222222284