0 0.7290219907407407 0.43874421296296295 0.06938657407407404 0.06335648148148146
0 0.6243923611111111 0.31797453703703704 0.059837962962962975 0.05386574074074071
0 0.6074363425925926 0.3758796296296296 0.06793981481481488 0.05554398148148145
0 0.6046875 0.4117592592592592 0.059664351851851906 0.044513888888888783
0 0.5413194444444445 0.39633680555555556 0.06996527777777786 0.06648148148148145
0 0.4859375 0.4135185185185185 0.06695601851851851 0.058645833333333286
0 0.5728009259259259 0.47456018518518517 0.059837962962962975 0.0538657407407408
0 0.6074074074074074 0.5948090277777778 0.06452546296296298 0.05393518518518512
0 0.40436921296296297 0.5931423611111111 0.05798611111111107 0.052280092592592455
0 0.5472511574074075 0.6798437500000001 0.061400462962962976 0.053888888888888785
0 0.6638310185185186 0.7949826388888889 0.06753472222222215 0.06177083333333329
0 0.7122974537037037 0.6594791666666666 0.05798611111111107 0.05228009259259263
0 0.6534143518518519 0.6619097222222222 0.07152777777777786 0.06650462962962962
0 0.6168402777777777 0.6616724537037036 0.07152777777777768 0.06650462962962962