0 0.44296875 0.18984375 0.021875 0.01953125
0 0.496875 0.23671875 0.0140625 0.01875
0 0.55859375 0.265625 0.01640625 0.0171875
0 0.2578125 0.31640625 0.01953125 0.0203125
0 0.32421875 0.35859375 0.015625 0.028125
0 0.415625 0.39453125 0.01796875 0.015625
0 0.48203125 0.371875 0.01640625 0.0140625
0 0.6875 0.44375 0.0265625 0.01328125
0 0.490625 0.478125 0.01796875 0.02265625
0 0.325 0.4671875 0.03203125 0.00859375
0 0.4765625 0.57109375 0.03984375 0.009375
0 0.60703125 0.57265625 0.02421875 0.01796875
0 0.5703125 0.6609375 0.03203125 0.01796875
0 0.590625 0.74140625 0.0421875 0.009375
0 0.428125 0.70703125 0.040625 0.01875
0 0.19296875 0.63046875 0.03515625 0.0171875
0 0.159375 0.70078125 0.02109375 0.0125
0 0.240625 0.73828125 0.01953125 0.01640625