0 0.7278472222222222 0.5997743055555556 0.04925925925925938 0.049108796296296296
0 0.8125810185185186 0.44302662037037044 0.05212962962962955 0.046030092592592456
0 0.7090451388888889 0.6769328703703704 0.050023148148148164 0.0584837962962963
0 0.6629108796296296 0.7247453703703703 0.04600694444444446 0.047499999999999966
0 0.6584432870370371 0.8083738425925926 0.045497685185185335 0.04125000000000014
0 0.7284548611111111 0.8227083333333333 0.04262731481481481 0.04432870370370381
0 0.77453125 0.8140046296296297 0.05133101851851851 0.05538194444444429
0 0.8467476851851853 0.6476851851851853 0.04769675925925938 0.04908564814814813
0 0.5460706018518519 0.9107407407407407 0.06083333333333343 0.057083333333333285
0 0.5817129629629629 0.6461053240740741 0.039247685185185156 0.041157407407407476
0 0.5575983796296297 0.7020659722222222 0.03535879629629637 0.031736111111111145
0 0.531087962962963 0.8354282407407407 0.051585648148148165 0.058506944444444285
0 0.48552083333333335 0.8378819444444445 0.04457175925925938 0.04903935185185162
0 0.46752314814814816 0.7515740740740741 0.03561342592592585 0.03486111111111114
0 0.496875 0.6409375 0.05471064814814817 0.05855324074074062
0 0.5267476851851851 0.4951099537037037 0.04677083333333343 0.05687499999999997
0 0.4914756944444445 0.36161458333333335 0.055219907407407474 0.0648032407407408
0 0.47545717592592585 0.18381944444444445 0.05614583333333343 0.05701388888888888
0 0.3865046296296296 0.2771469907407408 0.04520833333333325 0.0568518518518518
0 0.2693229166666667 0.41933449074074075 0.04871527777777782 0.06158564814814813
0 0.37374421296296295 0.4529513888888889 0.04600694444444446 0.04750000000000014
0 0.4315509259259259 0.5210763888888889 0.05381944444444446 0.0476157407407408
0 0.3666435185185185 0.6264930555555555 0.04313657407407412 0.050578703703703806
0 0.31647569444444446 0.7814062500000001 0.025601851851851886 0.026909722222222144
0 0.2597800925925926 0.7860416666666666 0.048078703703703686 0.05377314814814813
0 0.16464699074074074 0.9168229166666666 0.028981481481481497 0.030081018518518476
0 0.1167013888888889 0.9004687499999999 0.037847222222222233 0.023969907407407474
0 0.07357638888888889 0.8153530092592594 0.04731481481481481 0.04439814814814795