0 0.7689930555555555 0.3937615740740741 0.021770833333333427 0.0287268518518518
0 0.6987268518518519 0.45512731481481483 0.029178240740740692 0.021145833333333287
0 0.7045081018518518 0.5392013888888888 0.021527777777777857 0.024039351851851975
0 0.6467129629629629 0.19457175925925924 0.0361574074074074 0.03539351851851853
0 0.5916377314814815 0.27888888888888885 0.031145833333333428 0.02900462962962962
0 0.5578587962962963 0.35867476851851854 0.020127314814814667 0.027118055555555555
0 0.5134375 0.23752314814814818 0.012233796296296262 0.025324074074074155
0 0.5289178240740741 0.7362962962962963 0.021527777777777857 0.024039351851851798
0 0.419068287037037 0.44781250000000006 0.030983796296296263 0.02587962962962962
0 0.427505787037037 0.4054398148148149 0.02998842592592581 0.03677083333333329
0 0.39321180555555557 0.6155092592592593 0.03138888888888882 0.03369212962962962
0 0.3004108796296296 0.5698958333333334 0.033784722222222285 0.019722222222222287
0 0.265619212962963 0.45859953703703704 0.03295138888888891 0.03373842592592595
0 0.27836226851851853 0.13762152777777778 0.02761574074074069 0.02109953703703704
0 0.19593750000000001 0.1626851851851852 0.015196759259259274 0.022291666666666644
0 0.1673263888888889 0.27820023148148143 0.026782407407407404 0.035115740740740795
0 0.18776041666666665 0.5911747685185185 0.02109953703703704 0.04586805555555564