0 0.47934027777777777 0.114375 0.05451388888888893 0.04895833333333335
0 0.5443923611111111 0.27083333333333337 0.043356481481481524 0.03760416666666666
0 0.320318287037037 0.8852256944444445 0.03815972222222221 0.03427083333333343
0 0.5432523148148147 0.5065625 0.04125000000000014 0.04371527777777775
0 0.5621527777777777 0.3274652777777778 0.05629629629629633 0.05989583333333339
0 0.5946527777777778 0.30796875 0.04721064814814824 0.05173611111111107
0 0.5656597222222223 0.5393576388888889 0.037106481481481525 0.03732638888888893
0 0.5975173611111112 0.48260416666666667 0.03921296296296291 0.03121527777777775
0 0.7519733796296297 0.20249999999999999 0.032453703703703596 0.027812500000000018
0 0.6230960648148148 0.4682291666666667 0.046226851851851866 0.03618055555555557
0 0.6431192129629629 0.5815798611111112 0.0407754629629629 0.03128472222222225
0 0.6383680555555555 0.6333333333333334 0.037106481481481525 0.03732638888888893
0 0.6543402777777778 0.5409722222222222 0.03321759259259256 0.03249999999999993
0 0.6769965277777777 0.4372743055555556 0.038668981481481526 0.03739583333333325
0 0.7021643518518518 0.4632118055555556 0.030347222222222213 0.033923611111111106
0 0.7099652777777778 0.5015625 0.027256944444444466 0.024479166666666607
0 0.7153298611111112 0.5297222222222222 0.03921296296296291 0.03121527777777775
0 0.6985879629629629 0.5840451388888889 0.04542824074074083 0.04079861111111107
0 0.7195081018518519 0.3173958333333333 0.03427083333333343 0.02944444444444443
0 0.77109375 0.34838541666666667 0.03997685185185187 0.03590277777777775
0 0.7642418981481482 0.43960069444444444 0.05138888888888893 0.04881944444444457
0 0.7913368055555555 0.26319444444444445 0.04880787037037031 0.04250000000000007
0 0.8127604166666667 0.2804340277777778 0.05033564814814824 0.051874999999999984
0 0.8864525462962962 0.18055555555555555 0.02543981481481481 0.02284722222222224
0 0.963460648148148 0.23904513888888887 0.03427083333333343 0.02944444444444443
0 0.8760358796296297 0.3546006944444445 0.05349537037037031 0.04270833333333339
0 0.8971875 0.4796354166666667 0.04103009259259238 0.03284722222222207
0 0.8961111111111112 0.5586979166666668 0.03398148148148152 0.03718749999999993
0 0.9916724537037037 0.61765625 0.016655092592592523 0.037256944444444426