0 0.8371875 0.2875289351851852 0.022187499999999714 0.0287268518518518
0 0.8991145833333334 0.39450231481481485 0.020729166666667 0.030243055555555554
0 0.8800000000000001 0.4130729166666667 0.025937499999999857 0.03819444444444446
0 0.9805729166666666 0.6535416666666667 0.01781250000000014 0.03327546296296298
0 0.8451041666666667 0.46498842592592593 0.019895833333333356 0.04113425925925931
0 0.7961458333333333 0.5290625 0.021770833333333427 0.022476851851851977
0 0.8213541666666668 0.672349537037037 0.022812499999999857 0.03810185185185198
0 0.755625 0.6609895833333332 0.03166666666666664 0.030567129629629618
0 0.7304166666666666 0.4589930555555556 0.01583333333333332 0.026979166666666644
0 0.7150520833333334 0.35768518518518516 0.04072916666666657 0.049548611111111106
0 0.628125 0.4393229166666667 0.025937500000000037 0.03819444444444446
0 0.6047395833333333 0.5347337962962964 0.0294791666666665 0.021145833333333287
0 0.6722916666666666 0.6673726851851851 0.025208333333333322 0.027256944444444466
0 0.509375 0.3958738425925926 0.019166666666666644 0.03019675925925931
0 0.4924479166666666 0.5177083333333334 0.03604166666666657 0.026018518518518618
0 0.37125 0.3553472222222222 0.03322916666666664 0.030613425925925954
0 0.40692708333333333 0.4795370370370371 0.019895833333333356 0.04113425925925931
0 0.5383854166666666 0.6549016203703704 0.027708333333333356 0.0413657407407408
0 0.5745833333333333 0.8103877314814815 0.019375000000000142 0.03332175925925931
0 0.5367708333333333 0.830295138888889 0.026145833333333358 0.041319444444444284
0 0.5678645833333332 0.9679282407407406 0.02062500000000007 0.028680555555555286
0 0.41500000000000004 0.9176620370370371 0.020416666666666573 0.04894675925925931
0 0.2849479166666667 0.5520370370370371 0.03166666666666664 0.05395833333333329
0 0.24921875 0.3800983796296296 0.02468750000000002 0.04283564814814813
0 0.23661458333333335 0.23800347222222223 0.019791666666666607 0.03957175925925922