0 0.6168287037037038 0.5444618055555555 0.04432870370370381 0.05642361111111107
0 0.5434259259259259 0.4023263888888889 0.030474537037036953 0.04180555555555561
0 0.5182233796296296 0.4522048611111111 0.03456018518518515 0.03576388888888893
0 0.5146875 0.4889236111111111 0.03939814814814824 0.03753472222222225
0 0.47434027777777776 0.5412673611111111 0.03561342592592602 0.04670138888888893
0 0.4531539351851852 0.45166666666666666 0.03531250000000004 0.04357638888888893
0 0.405931712962963 0.4613368055555556 0.04559027777777782 0.05336805555555557
0 0.3008622685185185 0.6073090277777778 0.040451388888888926 0.04847222222222207
0 0.48239004629629634 0.6695138888888889 0.04015046296296294 0.04534722222222225
0 0.5088368055555555 0.7452256944444444 0.04946759259259252 0.06131944444444457
0 0.4978356481481482 0.8757638888888888 0.04135416666666671 0.057847222222222425
0 0.41502893518518513 0.7253645833333333 0.05250000000000003 0.044340277777777715