0 0.7307465277777778 0.5547858796296297 0.019340277777777713 0.02979166666666657
0 0.7636805555555555 0.42658564814814814 0.03597222222222225 0.026793981481481488
0 0.7192361111111112 0.3957060185185185 0.021076388888888787 0.02200231481481483
0 0.7985590277777778 0.18211805555555555 0.019340277777777713 0.02979166666666666
0 0.6474826388888889 0.23317129629629632 0.026423611111111002 0.034525462962962904
0 0.6552256944444445 0.3563888888888889 0.02677083333333332 0.01892361111111107
0 0.6116145833333333 0.4261516203703703 0.019340277777777713 0.02979166666666657
0 0.6135243055555556 0.5119618055555556 0.03302083333333332 0.018969907407407404
0 0.58421875 0.7119155092592593 0.01923611111111114 0.020428240740740834
0 0.5173090277777778 0.46508101851851846 0.021458333333333357 0.032928240740740834
0 0.5872395833333334 0.2648263888888889 0.024479166666666784 0.023587962962962904
0 0.5077430555555555 0.29506365740740736 0.02190972222222225 0.02668981481481474
0 0.4717013888888889 0.4100231481481481 0.032187499999999855 0.014282407407407405
0 0.3845659722222222 0.34278935185185183 0.022465277777777716 0.02981481481481483
0 0.40032986111111113 0.2014525462962963 0.020173611111111177 0.03447916666666666
0 0.3694618055555555 0.19075810185185188 0.022569444444444465 0.03917824074074074
0 0.3702256944444445 0.06357638888888889 0.014270833333333321 0.018831018518518518
0 0.30876736111111114 0.040625 0.027152777777777803 0.029849537037037032
0 0.24104166666666665 0.1363136574074074 0.02385416666666664 0.03762731481481483
0 0.3641493055555555 0.4576331018518518 0.04121527777777771 0.02995370370370374
0 0.4096875 0.5306365740740742 0.019895833333333356 0.03291666666666657
0 0.2881423611111111 0.630625 0.03375000000000004 0.014293981481481487
0 0.28520833333333334 0.5198553240740741 0.03295138888888891 0.03613425925925924
0 0.1736111111111111 0.4980555555555556 0.022291666666666644 0.03761574074074083
0 0.17479166666666668 0.6494097222222223 0.030381944444444465 0.03923611111111107
0 0.18256944444444442 0.7812094907407408 0.03149305555555557 0.045486111111111074