0 0.23010995370370368 0.671880787037037 0.03861111111111111 0.03777777777777782
0 0.8386111111111111 0.8752314814814814 0.03851851851851862 0.034652777777777644
0 0.3865104166666667 0.6230555555555556 0.05428240740740744 0.039456018518518474
0 0.3742361111111111 0.6043923611111112 0.03530092592592595 0.03150462962962965
0 0.5315798611111111 0.6665219907407407 0.039988425925925955 0.0315393518518519
0 0.5504629629629629 0.6445023148148148 0.03530092592592595 0.03150462962962965
0 0.5105671296296296 0.6166666666666667 0.03369212962962962 0.02993055555555557
0 0.4942708333333333 0.5941261574074075 0.02748842592592595 0.03144675925925924
0 0.46726273148148145 0.5529108796296296 0.03199074074074062 0.025231481481481487
0 0.5850347222222222 0.5981423611111112 0.032314814814814775 0.03616898148148149
0 0.5517361111111111 0.5819791666666667 0.035208333333333286 0.028379629629629477
0 0.6171354166666667 0.6002488425925925 0.04793981481481495 0.03628472222222214
0 0.5811631944444444 0.5465972222222222 0.032175925925925955 0.03148148148148131
0 0.5385821759259259 0.5336284722222222 0.022523148148148132 0.022037037037037167
0 0.5167766203703703 0.5361342592592593 0.030474537037036953 0.026782407407407404
0 0.4845833333333333 0.5309027777777777 0.03530092592592595 0.03150462962962965
0 0.3752951388888889 0.508269675925926 0.02891203703703704 0.02677083333333332
0 0.3471296296296297 0.6389756944444445 0.027256944444444466 0.023634259259259237
0 0.4297974537037037 0.5016145833333333 0.025694444444444464 0.023622685185185333
0 0.3890046296296296 0.46987847222222223 0.02886574074074071 0.025208333333333322
0 0.4589756944444444 0.4842071759259259 0.04164351851851862 0.03467592592592581
0 0.38976851851851857 0.3901678240740741 0.03861111111111111 0.03777777777777782
0 0.48662037037037037 0.3886689814814815 0.045092592592592594 0.045636574074074066
0 0.5478356481481481 0.3975925925925926 0.03212962962962962 0.029918981481481487
0 0.5861458333333334 0.31916666666666665 0.039988425925925955 0.0315393518518519
0 0.2812152777777778 0.47145833333333337 0.03530092592592595 0.03150462962962965
0 0.3248900462962963 0.44222222222222224 0.051296296296296263 0.04412037037037031
0 0.3355034722222222 0.43120370370370364 0.04959490740740744 0.039421296296296406
0 0.2434837962962963 0.35843171296296295 0.04633101851851853 0.03471064814814815
0 0.29517361111111107 0.30960069444444444 0.040266203703703776 0.04091435185185181
0 0.16983217592592595 0.21988425925925928 0.0384722222222222 0.03309027777777782