0 0.8657523148148147 0.047002314814814816 0.03709490740740762 0.0627199074074074
0 0.9220775462962963 0.1863599537037037 0.06293981481481481 0.08320601851851853
0 0.9128877314814815 0.29322916666666665 0.06972222222222228 0.061400462962962976
0 0.795150462962963 0.24162037037037037 0.0754398148148148 0.08329861111111114
0 0.7644097222222221 0.40374999999999994 0.07258101851851854 0.07234953703703706
0 0.7129976851851852 0.2597453703703704 0.07072916666666665 0.05672453703703706
0 0.6588252314814815 0.16489583333333332 0.06145833333333339 0.07070601851851857
0 0.5727314814814815 0.037806712962962966 0.0673379629629629 0.0676273148148148
0 0.6817361111111111 0.4569965277777778 0.04175925925925909 0.036215277777777645
0 0.5671817129629629 0.2610069444444444 0.06302083333333339 0.07071759259259255
0 0.48784722222222215 0.19094907407407408 0.06641203703703695 0.05981481481481481
0 0.4492766203703704 0.06967592592592593 0.049861111111111 0.051886574074074064
0 0.17613425925925927 0.24796296296296294 0.0555787037037037 0.07378472222222214
0 0.35483796296296294 0.38588541666666665 0.08804398148148147 0.09744212962962964
0 0.5119791666666667 0.3550462962962963 0.05896990740740726 0.0628819444444444
0 0.5039988425925925 0.5313946759259259 0.049861111111111175 0.051886574074073974
0 0.3555729166666667 0.5435648148148149 0.0571412037037037 0.0737962962962964
0 0.37225694444444446 0.65140625 0.05788194444444441 0.08004629629629641