0 0.8938657407407409 0.33520833333333333 0.04259259259259238 0.03753472222222225
0 0.7225983796296296 0.3759027777777778 0.058391203703703806 0.047534722222222214
0 0.566232638888889 0.32692708333333337 0.040162037037037024 0.03277777777777775
0 0.7423032407407407 0.4057465277777778 0.03489583333333339 0.02944444444444443
0 0.5902777777777778 0.3802083333333333 0.04259259259259256 0.03753472222222225
0 0.612037037037037 0.40838541666666667 0.04103009259259256 0.03746527777777775
0 0.6297743055555556 0.4658854166666667 0.047280092592592735 0.03774305555555557
0 0.5144965277777779 0.40484375000000006 0.04629629629629619 0.04079861111111107
0 0.5482060185185185 0.4167361111111111 0.04415509259259256 0.03760416666666675
0 0.2066261574074074 0.0821875 0.042303240740740745 0.035972222222222225
0 0.8491898148148149 0.5490798611111111 0.04201388888888893 0.03440972222222225
0 0.7337673611111111 0.5510590277777778 0.04785879629629619 0.040868055555555574
0 0.6526331018518519 0.5255208333333333 0.0528356481481481 0.04263888888888889
0 0.5709201388888889 0.47559027777777774 0.03703703703703702 0.032638888888888926
0 0.5191261574074074 0.45111111111111113 0.0546875 0.04427083333333339
0 0.811863425925926 0.5814583333333333 0.05682870370370381 0.04746527777777772
0 0.790306712962963 0.59265625 0.0578125 0.04440972222222221
0 0.9080729166666668 0.6756423611111111 0.0630787037037038 0.04774305555555554
0 0.742650462962963 0.6373090277777778 0.05584490740740744 0.050520833333333216
0 0.6345775462962964 0.6279340277777777 0.051851851851851906 0.04569444444444457
0 0.5660590277777778 0.6152256944444445 0.0528356481481481 0.04263888888888889