0 0.1838252314814815 0.25 0.03379629629629628 0.034375
0 0.35711805555555554 0.3046875 0.06128472222222214 0.046875
0 0.5160300925925926 0.26875 0.04328703703703703 0.0359375
0 0.3357349537037037 0.3296875 0.03825231481481488 0.03125
0 0.48631365740740745 0.321875 0.04160879629629619 0.034375
0 0.5671585648148147 0.3484375 0.0453125 0.0421875
0 0.4488715277777778 0.40546875 0.041145833333333395 0.028125
0 0.46637731481481487 0.3484375 0.03067129629629619 0.034375
0 0.5220775462962963 0.36640625 0.050983796296296194 0.034375
0 0.506712962962963 0.415625 0.03356481481481488 0.03125
0 0.5584780092592593 0.40234375 0.041724537037037025 0.0359375
0 0.417505787037037 0.4703125 0.03981481481481488 0.03125
0 0.4962673611111111 0.5671875 0.03668981481481488 0.03125
0 0.43090277777777775 0.57421875 0.03848379629629637 0.034375
0 0.33136574074074077 0.56796875 0.038831018518518515 0.0390625
0 0.3402488425925926 0.4796875 0.028761574074074047 0.0296875
0 0.21571180555555552 0.4734375 0.03501157407407405 0.0296875
0 0.26238425925925923 0.5078125 0.05335648148148149 0.0453125
0 0.28327546296296297 0.52109375 0.05457175925925935 0.040625
0 0.16203703703703703 0.596875 0.05601851851851851 0.0390625
0 0.21669560185185185 0.65 0.03368055555555553 0.0328125