0 0.5627777777777778 0.07755787037037036 0.0470833333333335 0.037824074074074066
0 0.4845486111111111 0.12850694444444444 0.0502083333333335 0.037847222222222233
0 0.38890624999999995 0.11530671296296298 0.04354166666666668 0.0331134259259259
0 0.7734895833333333 0.29616319444444444 0.045937500000000145 0.04249999999999998
0 0.6742013888888889 0.32978009259259256 0.05104166666666661 0.047222222222222235
0 0.4837847222222223 0.29557870370370376 0.0406944444444445 0.03621527777777782
0 0.5631597222222222 0.34535300925925927 0.05190972222222214 0.039421296296296315
0 0.6847569444444443 0.4485300925925926 0.05986111111111114 0.04104166666666664
0 0.15618055555555554 0.2814409722222222 0.07038194444444441 0.03643518518518522
0 0.45510416666666664 0.4999189814814815 0.09378472222222226 0.05378472222222221
0 0.26524305555555555 0.4719675925925926 0.060277777777777784 0.04572916666666664
0 0.7900868055555555 0.7288136574074073 0.053159722222222074 0.053483796296296404
0 0.4447743055555556 0.6911226851851853 0.06253472222222226 0.0535532407407409
0 0.2977951388888889 0.6010300925925925 0.05045138888888889 0.05814814814814824
0 0.2575868055555556 0.7108159722222223 0.0699305555555556 0.04892361111111114
0 0.7899652777777778 0.8240624999999999 0.0452430555555555 0.03468750000000007
0 0.6634548611111111 0.832494212962963 0.04565972222222214 0.03937500000000007