0 0.7045138888888889 0.18122106481481481 0.03503472222222222 0.0254861111111111
0 0.6315277777777778 0.13458333333333333 0.01913194444444457 0.022129629629629655
0 0.5586979166666667 0.08090277777777777 0.041736111111111106 0.013101851851851842
0 0.6164236111111111 0.29908564814814814 0.019131944444444392 0.022129629629629655
0 0.40857638888888886 0.2841724537037037 0.025486111111111143 0.04094907407407407
0 0.33369791666666665 0.2250462962962963 0.047812500000000036 0.0287962962962963
0 0.5332638888888889 0.3316087962962963 0.03135416666666657 0.01918981481481481
0 0.851388888888889 0.425462962962963 0.03461805555555557 0.020798611111111143
0 0.5574652777777779 0.4102604166666667 0.03135416666666657 0.01918981481481481
0 0.4371180555555556 0.4292534722222222 0.04670138888888893 0.0162962962962963
0 0.6299479166666667 0.4600347222222222 0.040868055555555574 0.020891203703703808
0 0.6153993055555556 0.5955844907407407 0.06430555555555557 0.021238425925925952
0 0.7789583333333333 0.5962905092592592 0.047534722222222214 0.025671296296296296
0 0.72875 0.7002951388888888 0.04440972222222221 0.02562500000000014
0 0.2612673611111111 0.6070891203703704 0.027083333333333393 0.02380787037037031
0 0.19640625 0.6870601851851852 0.03475694444444444 0.022361111111111144
0 0.2862673611111111 0.7475289351851853 0.0421180555555555 0.034953703703703806
0 0.5349131944444444 0.7461921296296297 0.06430555555555557 0.021238425925925952
0 0.7677604166666667 0.7959375 0.06402777777777775 0.018113425925925953