0 0.04609375 0.32265625 0.0234375 0.02734375
0 0.6765625 0.21171875 0.0296875 0.02734375
0 0.559375 0.33046875 0.04453125 0.01875
0 0.58515625 0.340625 0.0296875 0.01875
0 0.41796875 0.3609375 0.0296875 0.01484375
0 0.40625 0.38828125 0.028125 0.0171875
0 0.45703125 0.396875 0.01796875 0.02265625
0 0.4828125 0.40703125 0.0265625 0.025
0 0.5125 0.45078125 0.03671875 0.01640625
0 0.4375 0.44609375 0.03828125 0.01484375
0 0.40234375 0.4484375 0.021875 0.02578125
0 0.42265625 0.4890625 0.025 0.03359375
0 0.46953125 0.48359375 0.01953125 0.025
0 0.725 0.41328125 0.025 0.01953125
0 0.6265625 0.46875 0.01953125 0.02265625
0 0.7015625 0.45859375 0.03125 0.02734375
0 0.5625 0.48515625 0.0296875 0.02578125
0 0.80859375 0.496875 0.053125 0.01640625
0 0.69921875 0.48046875 0.04296875 0.01875
0 0.66484375 0.5390625 0.0265625 0.034375
0 0.790625 0.56328125 0.01953125 0.0234375
0 0.5890625 0.5859375 0.034375 0.02890625
0 0.528125 0.603125 0.034375 0.02109375