0 0.8217013888888889 0.10235532407407408 0.03946759259259238 0.0364236111111111
0 0.10674189814814813 0.35758680555555555 0.05341435185185186 0.0444212962962963
0 0.2773148148148148 0.40414351851851854 0.0627893518518519 0.04456018518518512
0 0.25329861111111107 0.42865162037037036 0.04728009259259256 0.036539351851851976
0 0.4403356481481481 0.35264467592592597 0.04328703703703703 0.03180555555555555
0 0.4640625 0.37177083333333333 0.041724537037037025 0.031782407407407384
0 0.41180555555555554 0.4099421296296296 0.03547453703703703 0.03168981481481481
0 0.38871527777777776 0.4336574074074074 0.04629629629629637 0.03964120370370381
0 0.37303240740740745 0.49310185185185185 0.05196759259259256 0.0366087962962963
0 0.452662037037037 0.4459548611111111 0.050115740740740836 0.03502314814814813
0 0.49050925925925926 0.42669560185185185 0.042881944444444466 0.03803240740740747
0 0.4840856481481481 0.47821180555555554 0.052430555555555716 0.047523148148148134
0 0.4317418981481481 0.5000231481481482 0.039467592592592735 0.03642361111111114
0 0.13127893518518516 0.5784895833333333 0.04201388888888893 0.033344907407407476
0 0.2579861111111111 0.5758333333333333 0.03732638888888893 0.03327546296296298
0 0.17314814814814813 0.6090335648148149 0.05341435185185186 0.0444212962962963
0 0.33347800925925924 0.5552372685185185 0.0515625 0.04283564814814813
0 0.07254050925925924 0.7063541666666666 0.0693287037037037 0.046215277777777786
0 0.184375 0.6283449074074074 0.06122685185185182 0.04453703703703695
0 0.24369212962962958 0.6656423611111111 0.05428240740740744 0.049108796296296296
0 0.11788194444444441 0.7602199074074074 0.03917824074074074 0.03486111111111114
0 0.3416956018518518 0.6665277777777778 0.058680555555555534 0.0476157407407408
0 0.41440972222222217 0.6483101851851851 0.05254629629629619 0.039733796296296295