0 0.39754050925925927 0.5791493055555555 0.0450231481481481 0.03534722222222229
0 0.518894675925926 0.6679340277777778 0.04814814814814809 0.035416666666666784
0 0.5432002314814814 0.6697395833333333 0.03553240740740744 0.032013888888888786
0 0.44620949074074073 0.5632118055555555 0.0372106481481481 0.03517361111111121
0 0.47508680555555555 0.5617881944444445 0.03570601851851851 0.036701388888888783
0 0.5234375 0.5372569444444444 0.04027777777777786 0.03368055555555553
0 0.4488715277777778 0.5084201388888889 0.04508101851851851 0.03690972222222229
0 0.4533854166666667 0.46140625 0.04039351851851851 0.036805555555555536
0 0.7124131944444445 0.6573784722222222 0.032349537037037024 0.030381944444444465
0 0.8304976851851851 0.6156597222222222 0.046643518518518334 0.036944444444444356
0 0.639380787037037 0.5643923611111111 0.03402777777777786 0.03354166666666671
0 0.7096064814814815 0.6027083333333334 0.04525462962962958 0.041597222222222285
0 0.6945891203703705 0.5772395833333333 0.04664351851851869 0.036944444444444356
0 0.5859953703703704 0.5163194444444444 0.04027777777777786 0.03368055555555553
0 0.7047743055555555 0.5144618055555557 0.03755787037037024 0.04454861111111121
0 0.6447916666666667 0.43604166666666666 0.03888888888888893 0.03833333333333329
0 0.597829861111111 0.39251736111111113 0.03547453703703703 0.030451388888888965