0 0.66953125 0.21015625 0.03671875 0.03125
0 0.5859375 0.29921875 0.034375 0.02578125
0 0.04375 0.321875 0.021875 0.02109375
0 0.41328125 0.35625 0.03984375 0.02109375
0 0.4015625 0.38359375 0.0296875 0.03125
0 0.54921875 0.32734375 0.04921875 0.0125
0 0.5765625 0.33984375 0.021875 0.01484375
0 0.4484375 0.39140625 0.01640625 0.02109375
0 0.471875 0.403125 0.01796875 0.02734375
0 0.36015625 0.45703125 0.04296875 0.01640625
0 0.39375 0.4453125 0.0234375 0.025
0 0.71640625 0.41328125 0.028125 0.02265625
0 0.61953125 0.42421875 0.025 0.01953125
0 0.51484375 0.42890625 0.028125 0.0171875
0 0.4296875 0.44296875 0.0296875 0.02265625
0 0.41640625 0.48515625 0.04296875 0.02734375
0 0.5078125 0.453125 0.03671875 0.02109375
0 0.8015625 0.4921875 0.03984375 0.01484375
0 0.6921875 0.4578125 0.03125 0.025
0 0.63125 0.44296875 0.01640625 0.01640625
0 0.61953125 0.465625 0.021875 0.02109375
0 0.55546875 0.48515625 0.0296875 0.01953125
0 0.48203125 0.4671875 0.021875 0.01953125
0 0.465625 0.478125 0.021875 0.0234375
0 0.49140625 0.48671875 0.0234375 0.01875
0 0.51640625 0.60234375 0.034375 0.01640625
0 0.51640625 0.68671875 0.034375 0.01953125
0 0.9328125 0.58125 0.03671875 0.02265625
0 0.7796875 0.559375 0.01484375 0.02734375
0 0.6578125 0.534375 0.0265625 0.0296875
0 0.70078125 0.55234375 0.0265625 0.02109375
0 0.5765625 0.5796875 0.025 0.03125