0 0.7612673611111112 0.7124189814814814 0.057650462962963014 0.027349537037036954
0 0.5945081018518519 0.6898263888888889 0.0422569444444445 0.01932870370370381
0 0.6284780092592592 0.650162037037037 0.035509259259259275 0.025462962962962975
0 0.658894675925926 0.635613425925926 0.03474537037037031 0.030127314814814808
0 0.6864293981481481 0.5811631944444444 0.04747685185185198 0.022523148148148132
0 0.5946585648148148 0.5895717592592593 0.043055555555555534 0.02401620370370381
0 0.5787268518518518 0.54203125 0.053761574074074045 0.03196759259259245
0 0.6576273148148148 0.3983159722222222 0.04827546296296283 0.02721064814814813
0 0.8066203703703703 0.5464872685185185 0.04385416666666657 0.028703703703703808
0 0.8891840277777778 0.5483969907407408 0.06001157407407405 0.03206018518518512
0 0.9865335648148148 0.4958101851851852 0.02693287037037031 0.02424768518518512
0 0.8235127314814814 0.4663483796296296 0.041562499999999857 0.04269675925925931