0 0.3284143518518518 0.01707175925925926 0.04369212962962958 0.025289351851851855
0 0.600289351851852 0.07825231481481482 0.03032407407407405 0.020509259259259262
0 0.7047164351851851 0.13365162037037037 0.026215277777777858 0.023599537037037033
0 0.5733217592592592 0.11434027777777778 0.039004629629629584 0.025254629629629655
0 0.5057581018518519 0.16321180555555553 0.04155092592592595 0.02215277777777782
0 0.4231770833333333 0.22155671296296298 0.020949074074074047 0.020439814814814827
0 0.2581886574074074 0.202494212962963 0.05949074074074075 0.034768518518518476
0 0.26348379629629626 0.27501157407407406 0.03049768518518512 0.029872685185185155
0 0.5054108796296296 0.28726273148148146 0.03703703703703702 0.031481481481481485
0 0.6208333333333333 0.28328703703703706 0.05393518518518512 0.030046296296296227
0 0.522164351851852 0.39480324074074075 0.05121527777777786 0.02378472222222223
0 0.40011574074074074 0.4261342592592593 0.021817129629629582 0.025127314814814738
0 0.5548900462962962 0.525630787037037 0.03570601851851851 0.015868055555555573
0 0.39325810185185184 0.5432118055555556 0.0393518518518519 0.04398148148148149
0 0.23408564814814814 0.5053819444444445 0.04965277777777777 0.023773148148148238
0 0.05937499999999999 0.5051157407407407 0.04537037037037037 0.01750000000000007
0 0.04722222222222221 0.549675925925926 0.054629629629629625 0.02537037037037031
0 0.33208912037037036 0.7808391203703704 0.06174768518518521 0.030104166666666644
0 0.4370949074074074 0.6224652777777777 0.056655092592592736 0.03630787037037031
0 0.5644386574074074 0.6636516203703704 0.039293981481481485 0.026817129629629656
0 0.5128472222222221 0.7990046296296296 0.06371527777777786 0.02387731481481481
0 0.6646701388888889 0.8049016203703705 0.04907407407407405 0.02064814814814824