0 0.5932465277777779 0.2958854166666667 0.04788194444444436 0.03313657407407407
0 0.5651215277777778 0.29609375 0.02951388888888893 0.023634259259259237
0 0.7194155092592592 0.39739004629629626 0.03244212962962969 0.022094907407407403
0 0.6701099537037036 0.4094849537037037 0.04006944444444436 0.033078703703703735
0 0.6411053240740741 0.40891782407407407 0.028738425925925883 0.029872685185185155
0 0.6699652777777778 0.464224537037037 0.03752314814814817 0.025254629629629478
0 0.6636631944444444 0.5135358796296297 0.02482638888888893 0.023599537037037165
0 0.5907349537037037 0.43118634259259264 0.033611111111111217 0.018981481481481488
0 0.3934375 0.2926736111111111 0.022673611111111037 0.018900462962962904
0 0.3984664351851852 0.3450289351851852 0.04358796296296301 0.036226851851851816
0 0.4669675925925926 0.39222222222222225 0.019351851851851797 0.017314814814814738
0 0.40425347222222224 0.3723553240740741 0.0361574074074074 0.026805555555555572
0 0.27227430555555554 0.32406828703703705 0.03224537037037036 0.020532407407407405
0 0.4050983796296297 0.4411631944444444 0.03186342592592588 0.029895833333333323
0 0.5152777777777778 0.5709375 0.03068287037037045 0.02052083333333332