0 0.8284722222222222 0.3745833333333334 0.04010416666666643 0.03776620370370374
0 0.7016493055555555 0.3923784722222222 0.03802083333333321 0.033067129629629655
0 0.527170138888889 0.38874421296296297 0.04166666666666678 0.03777777777777782
0 0.5071180555555556 0.3347337962962963 0.044791666666666785 0.03780092592592599
0 0.6550347222222223 0.401400462962963 0.05642361111111107 0.04413194444444457
0 0.6729166666666667 0.4288541666666667 0.03125 0.0283333333333335
0 0.7644097222222223 0.5778472222222222 0.03802083333333339 0.033067129629629474
0 0.4825520833333334 0.35250578703703705 0.03472222222222214 0.031481481481481485
0 0.4453125 0.40374999999999994 0.04201388888888893 0.04090277777777782
0 0.4088541666666667 0.3917708333333333 0.04322916666666661 0.03778935185185182
0 0.5402777777777777 0.41538194444444443 0.040451388888888926 0.040891203703703735
0 0.5658854166666666 0.46318865740740733 0.04965277777777786 0.03939814814814824
0 0.4842013888888889 0.4305787037037037 0.04861111111111107 0.044074074074074154
0 0.6683159722222223 0.5279571759259258 0.03454861111111107 0.02991898148148131
0 0.6669270833333333 0.5505844907407408 0.04149305555555553 0.03621527777777782
0 0.7238715277777779 0.5994039351851852 0.06371527777777786 0.05355324074074073
0 0.8061631944444445 0.7077372685185186 0.044791666666666785 0.03780092592592581
0 0.5822916666666667 0.5405902777777778 0.05190972222222214 0.04565972222222214
0 0.550607638888889 0.4802488425925926 0.05642361111111107 0.04413194444444439
0 0.4530381944444445 0.45923032407407405 0.06579861111111107 0.05825231481481481
0 0.5144965277777778 0.47842013888888885 0.04166666666666661 0.037777777777777646
0 0.4951388888888889 0.4728125 0.03454861111111107 0.029918981481481487
0 0.5137152777777778 0.4994907407407407 0.03663194444444447 0.03461805555555557
0 0.6440104166666666 0.5621238425925925 0.058854166666666784 0.05195601851851848
0 0.7078125 0.6164583333333333 0.07326388888888893 0.055185185185185046
0 0.7466145833333334 0.7408622685185186 0.05920138888888893 0.055081018518518474
0 0.873263888888889 0.8549884259259259 0.05902777777777786 0.05351851851851848
0 0.6440104166666667 0.6464293981481481 0.05555555555555554 0.05037037037037031
0 0.6760416666666667 0.6817939814814815 0.05920138888888893 0.055081018518518474
0 0.5426215277777777 0.6331886574074075 0.05381944444444446 0.04879629629629641
0 0.48272569444444446 0.6140104166666667 0.060243055555555536 0.05040509259259274
0 0.43116319444444445 0.6838831018518519 0.05364583333333321 0.047233796296296406
0 0.5407118055555555 0.8478414351851852 0.04670138888888893 0.04093750000000007