0 0.61171875 0.19609375 0.01640625 0.01953125
0 0.521875 0.16484375 0.028125 0.01484375
0 0.3125 0.1609375 0.03671875 0.0125
0 0.515625 0.203125 0.01640625 0.01484375
0 0.478125 0.26015625 0.0328125 0.0125
0 0.5890625 0.321875 0.021875 0.03359375
0 0.428125 0.3078125 0.01953125 0.01484375
0 0.2953125 0.309375 0.034375 0.0109375
0 0.3171875 0.36171875 0.01640625 0.025
0 0.55703125 0.42265625 0.0265625 0.0125
0 0.4734375 0.4609375 0.01484375 0.02265625
0 0.3578125 0.53984375 0.025 0.00859375
0 0.4953125 0.5515625 0.021875 0.03125
0 0.61953125 0.515625 0.01796875 0.01953125
0 0.54765625 0.59609375 0.01015625 0.02265625
0 0.6625 0.615625 0.034375 0.01328125
0 0.2296875 0.578125 0.0234375 0.01640625
0 0.24375 0.609375 0.028125 0.02578125
0 0.10234375 0.61484375 0.01328125 0.02578125
0 0.08828125 0.67578125 0.021875 0.02265625
0 0.21640625 0.72265625 0.0328125 0.00859375
0 0.51796875 0.73125 0.03828125 0.01875
0 0.65546875 0.72578125 0.04140625 0.0109375
0 0.77578125 0.71171875 0.0328125 0.01015625