0 0.8872395833333332 0.7491261574074074 0.026770833333333143 0.026747685185185156
0 0.2328125 0.7638194444444444 0.028645833333333304 0.03144675925925924
0 0.3798958333333333 0.6679861111111111 0.04552083333333332 0.026886574074073976
0 0.34380208333333334 0.6935127314814815 0.026250000000000016 0.018935185185185156
0 0.523125 0.6534143518518519 0.04052083333333343 0.022164351851851904
0 0.5441666666666667 0.6309027777777778 0.039270833333333324 0.02684027777777782
0 0.49364583333333334 0.6148958333333333 0.02489583333333325 0.02204861111111107
0 0.3567708333333333 0.6514004629629631 0.02635416666666668 0.020497685185185334
0 0.4703125 0.6014351851851851 0.026979166666666644 0.029872685185185155
0 0.5584895833333333 0.5684780092592593 0.020729166666666642 0.029826388888889
0 0.5211458333333333 0.5658564814814815 0.03427083333333343 0.02211805555555557
0 0.5956250000000001 0.5625 0.024687499999999928 0.01892361111111107
0 0.5427083333333333 0.5238078703703704 0.023541666666666572 0.025162037037037167
0 0.49880208333333337 0.5258275462962964 0.029583333333333427 0.022083333333333323
0 0.4356770833333334 0.5699131944444444 0.03739583333333343 0.02214120370370374
0 0.4458854166666667 0.5457581018518518 0.03416666666666668 0.02055555555555557
0 0.47781250000000003 0.5358333333333334 0.0328125 0.02366898148148149
0 0.4755208333333334 0.5115856481481481 0.02666666666666657 0.025185185185185154
0 0.23192708333333334 0.5543344907407407 0.02822916666666666 0.025196759259259238
0 0.3309375 0.5581944444444444 0.03427083333333325 0.02211805555555557
0 0.3408333333333333 0.5152777777777777 0.03322916666666664 0.029918981481481487
0 0.32390625 0.534693287037037 0.03135416666666675 0.025219907407407406
0 0.4033854166666667 0.5032349537037037 0.039270833333333324 0.02684027777777782
0 0.26526041666666667 0.5115914351851851 0.039583333333333394 0.03152777777777782
0 0.27489583333333334 0.4960300925925926 0.03729166666666668 0.020578703703703738
0 0.30244791666666665 0.48138310185185185 0.030104166666666644 0.029895833333333323
0 0.34244791666666663 0.4441608796296297 0.03916666666666666 0.025277777777777642
0 0.16479166666666667 0.45925925925925926 0.04364583333333334 0.022187500000000072
0 0.40458333333333335 0.4031944444444444 0.04281249999999996 0.03311342592592599
0 0.46697916666666667 0.39349537037037036 0.034375 0.023680555555555573
0 0.27989583333333334 0.4210300925925926 0.03135416666666666 0.025219907407407406
0 0.20088541666666665 0.3985590277777778 0.032187500000000036 0.0377199074074074
0 0.05770833333333334 0.3537268518518518 0.02822916666666666 0.025196759259259238
0 0.48661458333333335 0.310005787037037 0.05031250000000007 0.028483796296296226
0 0.34697916666666667 0.21204861111111112 0.03656249999999996 0.033067129629629655