0 0.56015625 0.32578125 0.0265625 0.0109375
0 0.415625 0.3578125 0.03125 0.00859375
0 0.45390625 0.390625 0.025 0.01953125
0 0.48125 0.4046875 0.01328125 0.0234375
0 0.44296875 0.43984375 0.03984375 0.0078125
0 0.425 0.4875 0.01640625 0.025
0 0.51328125 0.4453125 0.028125 0.01015625
0 0.6296875 0.46953125 0.01953125 0.01875
0 0.7015625 0.45703125 0.034375 0.0234375
0 0.728125 0.41015625 0.01484375 0.01875
0 0.8171875 0.49609375 0.0296875 0.0125
0 0.665625 0.53671875 0.01484375 0.0234375
0 0.525 0.60625 0.01796875 0.0125