0 0.633900462962963 0.29160879629629627 0.025416666666666643 0.028449074074074064
0 0.6410937499999999 0.43264467592592587 0.01643518518518512 0.03143518518518533
0 0.5865914351851852 0.3390972222222222 0.02462962962962969 0.022199074074074066
0 0.5699247685185185 0.5147974537037037 0.016828703703703596 0.03456018518518533
0 0.3633506944444444 0.6566608796296297 0.02696759259259256 0.01599537037037031
0 0.46417824074074077 0.3947164351851852 0.02775462962962969 0.022245370370370398
0 0.37091435185185184 0.5037094907407408 0.023449074074074084 0.012824074074073977
0 0.32035879629629627 0.5769791666666666 0.01409722222222225 0.037638888888889
0 0.1932523148148148 0.5336342592592592 0.016053240740740726 0.04078703703703716
0 0.21769097222222222 0.40148726851851857 0.028148148148148165 0.02537037037037031
0 0.21923611111111113 0.3149074074074074 0.015451388888888928 0.023622685185185156
0 0.3208854166666667 0.21982638888888886 0.013506944444444446 0.03295138888888882