0 0.7126215277777778 0.32958333333333334 0.03532407407407412 0.03460648148148149
0 0.6748784722222222 0.39777199074074077 0.03569444444444443 0.03773148148148149
0 0.6859837962962964 0.4687210648148148 0.032013888888888786 0.03302083333333332
0 0.5433796296296296 0.20984953703703707 0.04019675925925927 0.03620370370370374
0 0.5181250000000001 0.2912152777777778 0.04194444444444443 0.03777777777777782
0 0.5471412037037038 0.42837962962962967 0.033206018518518475 0.029907407407407403
0 0.5086284722222223 0.3779282407407408 0.037256944444444426 0.03774305555555557
0 0.42679976851851853 0.3043807870370371 0.041307870370370384 0.04557870370370374
0 0.5617245370370371 0.6741493055555555 0.04048611111111118 0.05181712962962948
0 0.38950810185185186 0.48730902777777774 0.05658564814814806 0.0691087962962964
0 0.4136516203703704 0.6260706018518519 0.04268518518518523 0.044027777777777645
0 0.21106481481481482 0.2739756944444444 0.046817129629629584 0.03937500000000007
0 0.24328703703703702 0.5289814814814815 0.04930555555555553 0.04719907407407398
0 0.31471064814814814 0.6244618055555555 0.04819444444444443 0.037824074074073975
0 0.2307523148148148 0.6742592592592592 0.04673611111111109 0.05186342592592581
0 0.13793402777777777 0.2916898148148148 0.032013888888888876 0.03302083333333332
0 0.1326099537037037 0.38929976851851855 0.03863425925925927 0.03619212962962966