0 0.59609375 0.1875 0.0234375 0.01328125
0 0.48984375 0.16171875 0.025 0.0109375
0 0.478125 0.18359375 0.03125 0.01484375
0 0.25 0.1578125 0.02890625 0.00859375
0 0.4421875 0.2265625 0.03515625 0.009375
0 0.3984375 0.2859375 0.01640625 0.015625
0 0.26953125 0.30078125 0.03203125 0.01171875
0 0.29453125 0.3546875 0.021875 0.021875
0 0.47265625 0.32421875 0.021875 0.009375
0 0.56328125 0.3109375 0.03984375 0.025
0 0.5125 0.4078125 0.03125 0.01328125
0 0.43671875 0.45234375 0.01328125 0.021875
0 0.3078125 0.42890625 0.02109375 0.0171875
0 0.57734375 0.49921875 0.025 0.01015625
0 0.4765625 0.5453125 0.01640625 0.02890625
0 0.64296875 0.60703125 0.0234375 0.02421875
0 0.52890625 0.60859375 0.03515625 0.0078125
0 0.34921875 0.54140625 0.034375 0.015625
0 0.2078125 0.55 0.02734375 0.01015625
0 0.19921875 0.58828125 0.0328125 0.0140625
0 0.07421875 0.59609375 0.0234375 0.0125
0 0.053125 0.66171875 0.025 0.0265625
0 0.1515625 0.715625 0.04296875 0.00625
0 0.4953125 0.7328125 0.04375 0.015625
0 0.65 0.71953125 0.03671875 0.01171875
0 0.77421875 0.69296875 0.034375 0.009375