0 0.58671875 0.19609375 0.0265625 0.0125
0 0.4640625 0.178125 0.025 0.02890625
0 0.4296875 0.22421875 0.01953125 0.01640625
0 0.22734375 0.16953125 0.028125 0.0109375
0 0.265625 0.31015625 0.03125 0.0171875
0 0.38671875 0.28984375 0.01640625 0.02109375
0 0.45234375 0.325 0.028125 0.0125
0 0.5359375 0.3140625 0.01640625 0.02734375
0 0.7296875 0.321875 0.01796875 0.01328125
0 0.4828125 0.4125 0.0296875 0.01328125
0 0.2921875 0.365625 0.021875 0.0171875
0 0.315625 0.4390625 0.0234375 0.01484375
0 0.42578125 0.4609375 0.01171875 0.02734375
0 0.35390625 0.553125 0.0265625 0.01484375
0 0.215625 0.55234375 0.03125 0.0109375
0 0.20234375 0.58359375 0.03828125 0.0109375
0 0.07890625 0.59609375 0.01796875 0.01015625
0 0.0515625 0.65859375 0.0265625 0.01953125
0 0.13984375 0.71328125 0.034375 0.01328125
0 0.4640625 0.5609375 0.028125 0.03359375
0 0.5390625 0.509375 0.0296875 0.0125
0 0.628125 0.6171875 0.01328125 0.02890625
0 0.51953125 0.63125 0.0328125 0.025
0 0.4890625 0.740625 0.03671875 0.0109375
0 0.63828125 0.72421875 0.03671875 0.01953125
0 0.7671875 0.703125 0.04296875 0.01953125