0 0.31484375 0.4234085648148148 0.03614583333333332 0.05097222222222229
0 0.34187500000000004 0.5793287037037037 0.030729166666666606 0.03989583333333328
0 0.37744791666666666 0.5369502314814815 0.04583333333333339 0.03254629629629626
0 0.39421875 0.5076041666666666 0.04343749999999993 0.019999999999999928
0 0.4333854166666667 0.5516666666666666 0.03322916666666664 0.05400462962962962
0 0.4808854166666666 0.5642939814814815 0.038541666666666786 0.040127314814814775
0 0.44364583333333335 0.46793402777777776 0.03083333333333336 0.041458333333333285
0 0.4688541666666667 0.3471122685185185 0.03979166666666671 0.03548611111111111
0 0.6133854166666667 0.44809027777777777 0.030625000000000034 0.03833333333333329
0 0.5467187499999999 0.3019212962962963 0.035104166666666714 0.03534722222222229
0 0.5088020833333333 0.14554398148148148 0.0359375 0.047847222222222194
0 0.41828125 0.24023148148148152 0.030625000000000034 0.03833333333333329
0 0.4625520833333333 0.26620949074074074 0.0361458333333335 0.05097222222222229
0 0.489375 0.2849074074074074 0.03614583333333332 0.05097222222222229