0 0.8027835648148148 0.3002314814814815 0.03815972222222221 0.038831018518518515
0 0.7776851851851851 0.38972800925925927 0.03126157407407408 0.027662037037037023
0 0.7776331018518519 0.480931712962963 0.03144675925925924 0.030787037037037022
0 0.5420949074074073 0.12375578703703702 0.03806712962962955 0.03726851851851851
0 0.5279398148148149 0.22690972222222222 0.04422453703703706 0.0359375
0 0.5373726851851852 0.3597800925925926 0.03144675925925924 0.030787037037037022
0 0.6040856481481481 0.4331886574074074 0.026574074074074083 0.02748842592592595
0 0.6347743055555556 0.7274305555555556 0.033657407407407545 0.04178240740740744
0 0.4789756944444445 0.4924768518518519 0.039444444444444574 0.03420138888888893
0 0.39607060185185183 0.2773726851851852 0.02924768518518519 0.04629629629629637
0 0.3572511574074074 0.5168113425925925 0.034490740740740745 0.05584490740740726
0 0.4311284722222222 0.6848090277777777 0.03825231481481488 0.04039351851851851
0 0.3036458333333333 0.6777488425925926 0.042025462962963014 0.051446759259259164
0 0.21617476851851852 0.7407696759259259 0.03614583333333332 0.05746527777777786
0 0.16405671296296295 0.5190104166666666 0.04726851851851852 0.06099537037037024
0 0.12085069444444445 0.18454861111111112 0.04211805555555555 0.053009259259259256
0 0.018964120370370367 0.17531828703703703 0.01903935185185185 0.031886574074074046
0 0.024484953703703703 0.2947916666666667 0.01600694444444444 0.033333333333333395