0 0.41015625 0.1765625 0.0296875 0.02109375
0 0.48515625 0.203125 0.03125 0.01953125
0 0.53828125 0.2546875 0.025 0.02578125
0 0.2609375 0.31796875 0.03671875 0.03125
0 0.30390625 0.36171875 0.0265625 0.02890625
0 0.40625 0.371875 0.028125 0.025
0 0.47421875 0.328125 0.0296875 0.02109375
0 0.484375 0.390625 0.01953125 0.02265625
0 0.63359375 0.44140625 0.01953125 0.025
0 0.4234375 0.45859375 0.0296875 0.01875
0 0.3546875 0.48203125 0.025 0.03125
0 0.4828125 0.5046875 0.0328125 0.0296875
0 0.20234375 0.6109375 0.04140625 0.0234375
0 0.478125 0.6265625 0.0328125 0.02890625
0 0.6 0.59921875 0.0328125 0.0234375
0 0.12421875 0.68125 0.0296875 0.02109375
0 0.184375 0.728125 0.03828125 0.0296875
0 0.37578125 0.73359375 0.04765625 0.01875
0 0.56875 0.68671875 0.03984375 0.02265625
0 0.6203125 0.7453125 0.04921875 0.01953125