0 0.0359375 0.31796875 0.021875 0.0234375
0 0.67265625 0.209375 0.0234375 0.02734375
0 0.5484375 0.3234375 0.04140625 0.02265625
0 0.57890625 0.29296875 0.0234375 0.01640625
0 0.4109375 0.35859375 0.03828125 0.0171875
0 0.3953125 0.3828125 0.0328125 0.02265625
0 0.4484375 0.39140625 0.01953125 0.01875
0 0.5734375 0.3359375 0.0234375 0.0171875
0 0.4734375 0.40078125 0.021875 0.02578125
0 0.39375 0.44609375 0.01640625 0.02890625
0 0.43046875 0.44296875 0.03125 0.0171875
0 0.3578125 0.45625 0.021875 0.01484375
0 0.4171875 0.48671875 0.01796875 0.02109375
0 0.46015625 0.478125 0.025 0.01875
0 0.51328125 0.4265625 0.034375 0.0171875
0 0.50859375 0.4515625 0.03125 0.01484375
0 0.47890625 0.46640625 0.028125 0.01953125
0 0.48671875 0.4890625 0.021875 0.02109375
0 0.715625 0.41171875 0.0234375 0.02265625
0 0.61875 0.42265625 0.0296875 0.0171875
0 0.6171875 0.465625 0.028125 0.02578125
0 0.6296875 0.44375 0.0265625 0.02265625
0 0.55859375 0.48671875 0.0328125 0.02109375
0 0.6921875 0.45859375 0.034375 0.02578125
0 0.6859375 0.47578125 0.0328125 0.01640625
0 0.6625 0.49296875 0.025 0.02578125
0 0.63046875 0.534375 0.034375 0.01953125
0 0.80078125 0.49453125 0.04140625 0.01640625
0 0.578125 0.584375 0.03828125 0.02734375
0 0.51796875 0.60234375 0.03125 0.01875
0 0.69609375 0.5484375 0.0265625 0.02109375
0 0.778125 0.55859375 0.025 0.03359375
0 0.92734375 0.58203125 0.0234375 0.02109375
0 0.51640625 0.68671875 0.04453125 0.02109375
0 0.67265625 0.76171875 0.0296875 0.02734375