0 0.37578125 0.16875 0.04765625 0.02734375
0 0.484375 0.18671875 0.059375 0.02109375
0 0.5546875 0.2296875 0.034375 0.0375
0 0.490625 0.29609375 0.0546875 0.03359375
0 0.59296875 0.37265625 0.04453125 0.0359375
0 0.48203125 0.36015625 0.03125 0.040625
0 0.403125 0.36640625 0.04609375 0.02578125
0 0.29296875 0.3828125 0.053125 0.02890625
0 0.26328125 0.3296875 0.03671875 0.03203125
0 0.6078125 0.45 0.021875 0.02265625
0 0.4453125 0.46484375 0.04765625 0.02734375
0 0.378125 0.496875 0.034375 0.0359375
0 0.2859375 0.4828125 0.0328125 0.0234375
0 0.2109375 0.59765625 0.025 0.025
0 0.1125 0.6640625 0.0234375 0.03359375
0 0.146875 0.7125 0.0265625 0.03125
0 0.33828125 0.73828125 0.0515625 0.01875
0 0.47734375 0.65859375 0.06484375 0.0375
0 0.4953125 0.53671875 0.04140625 0.02578125
0 0.61328125 0.60234375 0.0328125 0.0234375
0 0.584375 0.71171875 0.0515625 0.01953125
0 0.66171875 0.7375 0.05625 0.01875