0 0.67578125 0.21015625 0.025 0.0234375
0 0.55546875 0.3265625 0.03984375 0.0234375
0 0.41484375 0.359375 0.0265625 0.0171875
0 0.5828125 0.3421875 0.021875 0.0171875
0 0.45390625 0.39375 0.025 0.0234375
0 0.48125 0.40703125 0.01953125 0.02578125
0 0.51640625 0.4484375 0.034375 0.01640625
0 0.403125 0.45078125 0.0265625 0.02578125
0 0.434375 0.4453125 0.028125 0.01953125
0 0.04140625 0.32265625 0.0265625 0.01953125
0 0.7203125 0.4140625 0.028125 0.0171875
0 0.63046875 0.47109375 0.028125 0.025
0 0.55703125 0.48828125 0.03671875 0.01953125
0 0.4734375 0.48515625 0.021875 0.01953125
0 0.425 0.48828125 0.03671875 0.02265625
0 0.70234375 0.4609375 0.03671875 0.02578125
0 0.690625 0.4796875 0.04453125 0.0171875
0 0.81328125 0.49453125 0.04921875 0.0171875
0 0.66953125 0.540625 0.0296875 0.034375
0 0.58125 0.58515625 0.028125 0.0296875
0 0.52265625 0.60703125 0.03671875 0.02109375