0 0.66953125 0.2109375 0.0265625 0.02734375
0 0.04453125 0.3203125 0.0296875 0.0234375
0 0.5546875 0.328125 0.0515625 0.01640625
0 0.5734375 0.3390625 0.0296875 0.01875
0 0.40859375 0.359375 0.03671875 0.01328125
0 0.4015625 0.3875 0.0296875 0.01875
0 0.45 0.3921875 0.0265625 0.01875
0 0.47421875 0.4046875 0.01640625 0.02578125
0 0.515625 0.42890625 0.0296875 0.0125
0 0.39296875 0.44453125 0.01796875 0.03125
0 0.42890625 0.44296875 0.03125 0.01328125
0 0.3640625 0.4578125 0.04296875 0.0171875
0 0.4203125 0.48828125 0.0234375 0.0234375
0 0.46328125 0.4796875 0.01640625 0.0171875
0 0.48046875 0.4671875 0.025 0.0171875
0 0.51171875 0.45625 0.028125 0.01953125
0 0.6171875 0.425 0.021875 0.01875
0 0.58203125 0.29609375 0.0234375 0.01328125
0 0.571875 0.45625 0.01953125 0.01484375
0 0.62265625 0.46484375 0.021875 0.0171875
0 0.5546875 0.48515625 0.034375 0.01953125
0 0.6578125 0.5359375 0.0265625 0.02734375
0 0.57421875 0.5828125 0.03125 0.034375
0 0.51640625 0.60390625 0.025 0.01953125
0 0.51953125 0.6921875 0.0328125 0.0171875
0 0.715625 0.4125 0.0265625 0.02109375
0 0.69140625 0.45859375 0.04296875 0.025
0 0.68671875 0.4734375 0.04453125 0.01953125
0 0.8 0.49453125 0.04296875 0.01640625
0 0.77734375 0.5625 0.0265625 0.03125
0 0.928125 0.58125 0.03125 0.01953125