0 0.37725694444444446 0.07854745370370371 0.03881944444444443 0.030798611111111106
0 0.46708333333333335 0.09383101851851852 0.04024305555555561 0.027719907407407395
0 0.5343923611111111 0.14177083333333335 0.03434027777777775 0.03534722222222224
0 0.22211805555555558 0.26883680555555556 0.04874999999999998 0.04357638888888893
0 0.27649305555555553 0.3093576388888889 0.03760416666666666 0.038564814814814774
0 0.3946354166666667 0.3019560185185185 0.03739583333333343 0.03387731481481478
0 0.4692534722222222 0.2381076388888889 0.03881944444444443 0.030798611111111106
0 0.48644097222222216 0.30781828703703706 0.02624999999999993 0.02886574074074071
0 0.6638541666666666 0.33611111111111114 0.026388888888888927 0.03199074074074071
0 0.42399305555555555 0.3962731481481481 0.03868055555555561 0.027673611111111107
0 0.34729166666666667 0.4367766203703704 0.03454861111111107 0.040034722222222284
0 0.49782986111111105 0.4377777777777778 0.04392361111111107 0.04031249999999993
0 0.1865277777777778 0.6131886574074074 0.0515277777777778 0.03585648148148159
0 0.5048263888888889 0.5787905092592592 0.04385416666666657 0.03874999999999993
0 0.6430555555555555 0.5232002314814815 0.04208333333333343 0.0340162037037036
0 0.1034548611111111 0.7092766203703704 0.03881944444444443 0.030798611111111106
0 0.17888888888888888 0.7499537037037036 0.05024305555555557 0.04206018518518526
0 0.39949652777777783 0.7192303240740741 0.060694444444444426 0.03144675925925924
0 0.6165277777777778 0.6285358796296296 0.05138888888888893 0.0327314814814816
0 0.681857638888889 0.6858969907407408 0.060694444444444426 0.03144675925925924