0 0.8304398148148149 0.9612268518518519 0.025694444444444287 0.01967592592592595
0 0.911082175925926 0.6883391203703704 0.03344907407407405 0.060532407407407264
0 0.9421296296296298 0.5338541666666666 0.03402777777777786 0.03402777777777786
0 0.8548900462962964 0.713107638888889 0.022974537037037022 0.03049768518518512
0 0.775144675925926 0.735619212962963 0.03379629629629619 0.027777777777777856
0 0.6983796296296296 0.838599537037037 0.03443287037037024 0.044965277777777854
0 0.6413483796296295 0.7984664351851851 0.035821759259259164 0.04033564814814809
0 0.7516493055555555 0.6504340277777778 0.031307870370370236 0.04484953703703702
0 0.796238425925926 0.5658564814814815 0.04375 0.04375
0 0.8065104166666668 0.4841145833333334 0.028993055555555713 0.024479166666666784
0 0.8697337962962963 0.332349537037037 0.020949074074074047 0.01793981481481488
0 0.660792824074074 0.5841724537037037 0.026273148148148094 0.03530092592592595
0 0.577951388888889 0.7343171296296296 0.030960648148148095 0.03547453703703703
0 0.5868055555555556 0.6142939814814815 0.02748842592592595 0.025983796296296192
0 0.4560763888888889 0.6543402777777778 0.031307870370370236 0.04484953703703702
0 0.4215856481481481 0.8003472222222221 0.02806712962962976 0.04160879629629619
0 0.37560763888888893 0.8051793981481481 0.037557870370370415 0.04508101851851833
0 0.20364583333333336 0.830324074074074 0.029803240740740745 0.046354166666666786
0 0.29649884259259257 0.44354745370370374 0.03321759259259256 0.05428240740740744
0 0.42780671296296297 0.46137152777777785 0.034375 0.04340277777777786
0 0.48666087962962956 0.5296006944444445 0.044907407407407264 0.03287037037037024
0 0.5712094907407408 0.4677951388888889 0.017881944444444464 0.01938657407407405
0 0.49048032407407405 0.33700810185185187 0.04039351851851851 0.037384259259259256
0 0.44230324074074073 0.15572916666666667 0.03946759259259256 0.05451388888888888
0 0.37433449074074077 0.2849826388888889 0.042708333333333307 0.057754629629629586