0 0.8402256944444446 0.21594328703703702 0.051423611111111 0.03471064814814815
0 0.6671527777777777 0.32048611111111114 0.060243055555555716 0.03165509259259256
0 0.47592013888888884 0.31407986111111114 0.04718750000000007 0.02843750000000007
0 0.6973784722222222 0.34529513888888885 0.039097222222222075 0.026817129629629656
0 0.4611631944444444 0.3454803240740741 0.043888888888888825 0.03621527777777782
0 0.5262673611111112 0.3684664351851852 0.041770833333333354 0.033078703703703735
0 0.4494097222222223 0.42457754629629624 0.05097222222222229 0.04094907407407398
0 0.49527777777777776 0.42736689814814816 0.04121527777777771 0.02995370370370374
0 0.5924305555555556 0.46341435185185187 0.06409722222222225 0.02700231481481481
0 0.5563541666666667 0.39249421296296294 0.04270833333333339 0.04712962962962965
0 0.471857638888889 0.4760416666666666 0.05097222222222229 0.04094907407407398
0 0.5317013888888888 0.48263888888888895 0.03736111111111118 0.03460648148148149
0 0.8778472222222222 0.4847685185185185 0.051979166666666646 0.037835648148148236
0 0.6522048611111111 0.5224247685185185 0.050416666666666644 0.037824074074073975
0 0.7390625 0.5225636574074074 0.044166666666666646 0.03777777777777782
0 0.8338368055555556 0.53203125 0.05409722222222228 0.040972222222222146
0 0.8243055555555555 0.5532233796296296 0.054826388888889 0.0362962962962964
0 0.9784027777777778 0.6130960648148148 0.043194444444444355 0.037777777777777646
0 0.9411284722222224 0.6955150462962963 0.05135416666666685 0.051875000000000074
0 0.7836284722222222 0.6192361111111111 0.048958333333333215 0.04717592592592581
0 0.6726388888888889 0.6505671296296296 0.043888888888888825 0.03621527777777782
0 0.5922222222222222 0.6558564814814816 0.04756944444444446 0.03936342592592581
0 0.5802777777777778 0.7646817129629631 0.041770833333333354 0.033078703703703735