0 0.7368402777777778 0.0955787037037037 0.053576388888888896 0.0537962962962963
0 0.6128819444444444 0.10916087962962964 0.046215277777777786 0.036539351851851844
0 0.38949652777777777 0.17824652777777777 0.07326388888888893 0.04005787037037036
0 0.509548611111111 0.23519675925925926 0.051875000000000074 0.0428587962962963
0 0.6671354166666668 0.24147569444444442 0.03166666666666664 0.033206018518518475
0 0.7671875 0.37624421296296295 0.04499999999999993 0.0287268518518518
0 0.6002777777777778 0.3654050925925926 0.046354166666666786 0.04745370370370372
0 0.40815972222222224 0.37373263888888886 0.054027777777777786 0.03665509259259263
0 0.5224131944444445 0.3078298611111111 0.03576388888888893 0.03950231481481481
0 0.5285069444444443 0.46278356481481475 0.03576388888888893 0.03950231481481481
0 0.5808333333333333 0.5927777777777778 0.05281249999999993 0.02884259259259263
0 0.70578125 0.6308622685185185 0.04802083333333336 0.038125000000000145
0 0.8347048611111111 0.533420138888889 0.034062499999999926 0.02856481481481481
0 0.6787847222222222 0.6939062500000001 0.04489583333333336 0.03807870370370381
0 0.7900694444444444 0.7549016203703703 0.06545138888888893 0.03994212962962962
0 0.5764236111111111 0.8614293981481481 0.0957638888888889 0.05442129629629626
0 0.610625 0.7238888888888889 0.0500694444444445 0.04127314814814813
0 0.5250868055555555 0.7831018518518519 0.04729166666666664 0.03343750000000014
0 0.39956597222222223 0.7614699074074075 0.06208333333333336 0.03833333333333329
0 0.3084548611111111 0.9358738425925927 0.042604166666666644 0.033368055555555644
0 0.3894097222222222 0.6559085648148149 0.044062499999999984 0.042743055555555645
0 0.4730902777777778 0.6703298611111111 0.03576388888888893 0.03950231481481481
0 0.4430208333333333 0.5525347222222222 0.052604166666666785 0.047546296296296295
0 0.32895833333333335 0.48375 0.04152777777777779 0.03646990740740748
0 0.22710069444444442 0.4531539351851851 0.05715277777777779 0.036701388888888783
0 0.08831597222222223 0.5123726851851852 0.022048611111111116 0.03150462962962965
0 0.585 0.569224537037037 0.03996527777777779 0.03644675925925931