0 0.9206828703703703 0.487818287037037 0.03974537037037038 0.0465856481481481
0 0.8691493055555556 0.4041666666666666 0.04157407407407412 0.03576388888888893
0 0.7381481481481481 0.7022569444444444 0.04387731481481474 0.04207175925925917
0 0.7071238425925925 0.6030671296296296 0.048379629629629585 0.04068287037037024
0 0.5914930555555555 0.6664641203703704 0.03881944444444443 0.0387731481481481
0 0.6954745370370371 0.5241608796296295 0.04800925925925927 0.03755787037037024
0 0.8150000000000001 0.05381944444444444 0.044062500000000074 0.043634259259259255
0 0.5823842592592593 0.4676793981481481 0.051979166666666646 0.057928240740740836
0 0.5839930555555556 0.41472800925925923 0.04093750000000007 0.04351851851851851
0 0.6233738425925927 0.20714699074074075 0.054918981481481485 0.05648148148148149
0 0.3121701388888889 0.7328125 0.041759259259259274 0.03732638888888893
0 0.4492013888888889 0.3707175925925926 0.060243055555555536 0.04890046296296298
0 0.5051331018518519 0.25975115740740745 0.054629629629629584 0.0409143518518519
0 0.2330034722222222 0.6657407407407406 0.03744212962962958 0.04027777777777786
0 0.2525173611111111 0.52734375 0.04885416666666664 0.0578125
0 0.372025462962963 0.2343460648148148 0.04490740740740744 0.06388888888888893