0 0.5028298611111112 0.3377951388888889 0.06017361111111121 0.047673611111111125
0 0.5203819444444445 0.44241319444444444 0.04489583333333336 0.03923611111111107
0 0.2538020833333333 0.3204340277777778 0.06812500000000003 0.05888888888888886
0 0.29312499999999997 0.41657986111111106 0.051041666666666693 0.04881944444444457
0 0.3248784722222222 0.47541666666666665 0.044652777777777784 0.037673611111111074
0 0.7164756944444444 0.7343229166666666 0.05309027777777775 0.052013888888888894
0 0.2825347222222222 0.6009722222222222 0.04826388888888884 0.04093750000000007
0 0.3192534722222222 0.6380034722222222 0.05031249999999998 0.04413194444444457
0 0.47763888888888884 0.7677604166666667 0.0469444444444445 0.04243055555555557
0 0.3634895833333333 0.8138194444444444 0.05309027777777775 0.05201388888888907
0 0.2694965277777778 0.7758159722222222 0.05645833333333332 0.053715277777777716
0 0.032847222222222215 0.8360590277777777 0.06569444444444443 0.054201388888888855
0 0.2773090277777778 0.9531597222222222 0.06774305555555556 0.04645833333333336