0 0.19747685185185185 0.20196759259259262 0.06684027777777776 0.049131944444444464
0 0.3203472222222222 0.18611111111111112 0.0758217592592592 0.046354166666666696
0 0.4069502314814814 0.20894097222222224 0.054733796296296336 0.05179398148148149
0 0.3514930555555556 0.30028935185185185 0.07719907407407404 0.0572916666666667
0 0.4811400462962963 0.3490451388888889 0.06782407407407405 0.056944444444444464
0 0.35738425925925926 0.3719328703703704 0.053761574074074045 0.05642361111111107
0 0.27258680555555553 0.40332754629629636 0.06332175925925929 0.04589120370370381
0 0.1544675925925926 0.45625 0.071724537037037 0.050868055555555534
0 0.11007523148148149 0.4098668981481481 0.055902777777777767 0.0487268518518519
0 0.5152488425925925 0.42722800925925924 0.03518518518518512 0.03240740740740744
0 0.34193865740740736 0.4945891203703704 0.06684027777777786 0.049131944444444284
0 0.2745023148148148 0.5501736111111111 0.054733796296296336 0.05179398148148131
0 0.1705787037037037 0.565162037037037 0.04847222222222225 0.039120370370370416
0 0.1144849537037037 0.7114293981481482 0.040462962962962964 0.03726851851851851
0 0.02229745370370369 0.8139756944444445 0.04144675925925926 0.04508101851851833
0 0.07128472222222221 0.8550347222222221 0.044374999999999984 0.043634259259259525
0 0.28675347222222225 0.8206307870370371 0.06409722222222225 0.039699074074074046
0 0.42008101851851853 0.6905671296296296 0.08912037037037042 0.06550925925925917
0 0.4121006944444444 0.5544849537037038 0.05843750000000014 0.04415509259259256
0 0.556412037037037 0.5865162037037037 0.04847222222222207 0.039120370370370416
0 0.5499479166666666 0.712644675925926 0.06585648148148149 0.041319444444444464
0 0.6407696759259259 0.7144386574074074 0.0705439814814813 0.04149305555555553