0 0.55 0.25859375 0.02421875 0.01796875
0 0.4921875 0.225 0.0125 0.01640625
0 0.434375 0.1859375 0.0328125 0.00859375
0 0.4796875 0.3578125 0.01328125 0.01640625
0 0.3140625 0.3578125 0.015625 0.03125
0 0.25546875 0.31484375 0.034375 0.0203125
0 0.41328125 0.38828125 0.021875 0.01171875
0 0.66640625 0.4453125 0.025 0.0140625
0 0.4328125 0.45078125 0.021875 0.01171875
0 0.33671875 0.47265625 0.034375 0.009375
0 0.490625 0.4859375 0.03125 0.0140625
0 0.478125 0.59609375 0.0484375 0.01171875
0 0.609375 0.58671875 0.034375 0.0171875
0 0.56875 0.67265625 0.0328125 0.01796875
0 0.196875 0.625 0.01875 0.01796875
0 0.1453125 0.69296875 0.025 0.015625
0 0.21640625 0.7359375 0.02890625 0.02578125
0 0.41484375 0.72109375 0.0484375 0.01328125
0 0.6 0.74765625 0.0484375 0.01015625