0 0.09461805555555557 0.90234375 0.05711805555555556 0.046875
0 0.10023726851851852 0.83515625 0.038263888888888875 0.0328125
0 0.12472222222222222 0.740625 0.04369212962962967 0.0390625
0 0.0674363425925926 0.6109375 0.05399305555555556 0.046875
0 0.1427488425925926 0.56875 0.05224537037037038 0.0453125
0 0.22443287037037035 0.75625 0.05399305555555554 0.046875
0 0.28203125 0.84375 0.05942129629629633 0.053125
0 0.3574479166666667 0.89296875 0.036701388888888874 0.0328125
0 0.34539930555555554 0.69140625 0.04350694444444443 0.0375
0 0.24457175925925925 0.53359375 0.04718749999999998 0.0421875
0 0.35876157407407405 0.5984375 0.036701388888888874 0.0328125
0 0.3975925925925926 0.4421875 0.05399305555555554 0.046875
0 0.2726851851851852 0.3359375 0.04700231481481474 0.040625
0 0.29510995370370374 0.28515625 0.057488425925925936 0.05
0 0.1908159722222222 0.15 0.036516203703703676 0.03125
0 0.2317361111111111 0.075 0.04194444444444443 0.0375
0 0.37266782407407406 0.0921875 0.05555555555555554 0.046875
0 0.7041782407407406 0.3734375 0.060798611111111 0.0515625
0 0.6066840277777777 0.50390625 0.05399305555555554 0.046875
0 0.5040393518518519 0.5328125 0.05261574074074069 0.0484375
0 0.5157465277777777 0.6515625 0.024467592592592523 0.021875
0 0.6949942129629629 0.62890625 0.054178240740740694 0.0484375
0 0.8980439814814816 0.6625 0.05354166666666664 0.05625
0 0.8169097222222224 0.5296875 0.07146990740740762 0.0625