0 0.3028645833333333 0.7833506944444444 0.04427083333333339 0.028993055555555536
0 0.28324652777777776 0.7028993055555556 0.03362268518518512 0.030312499999999964
0 0.5203414351851852 0.7654340277777777 0.040740740740740834 0.03513888888888879
0 0.48237847222222224 0.6908506944444445 0.041319444444444464 0.038263888888888965
0 0.5785011574074075 0.6419965277777777 0.03831018518518512 0.030416666666666713
0 0.44305555555555554 0.6405555555555555 0.03634259259259256 0.03659722222222221
0 0.11423611111111112 0.4802777777777777 0.04386574074074075 0.035208333333333286
0 0.47204861111111107 0.5305902777777778 0.05410879629629619 0.04010416666666661
0 0.4408854166666666 0.5040104166666667 0.041724537037037025 0.032048611111111035
0 0.3035011574074074 0.4240798611111112 0.05283564814814819 0.04163194444444436
0 0.7644386574074075 0.4766840277777778 0.03732638888888893 0.033506944444444464
0 0.4888020833333334 0.38505208333333335 0.04745370370370381 0.04618055555555554
0 0.39560185185185187 0.3672916666666667 0.041898148148148184 0.04138888888888888
0 0.7695023148148148 0.3857986111111111 0.03773148148148149 0.027291666666666714
0 0.6800636574074075 0.32654513888888886 0.05353009259259274 0.036979166666666605
0 0.45350115740740743 0.25796874999999997 0.057928240740740836 0.035520833333333356