0 0.6703125 0.21015625 0.015625 0.021875
0 0.04375 0.32109375 0.0140625 0.0171875
0 0.58125 0.2953125 0.0265625 0.0203125
0 0.55234375 0.32578125 0.0375 0.0140625
0 0.57265625 0.33515625 0.0296875 0.01484375
0 0.4109375 0.35859375 0.0328125 0.00625
0 0.3984375 0.38359375 0.01640625 0.01484375
0 0.44765625 0.390625 0.01953125 0.0171875
0 0.47265625 0.40234375 0.0078125 0.02265625
0 0.5140625 0.4265625 0.02734375 0.015625
0 0.43046875 0.43984375 0.034375 0.0125
0 0.3953125 0.44296875 0.0140625 0.0234375
0 0.36015625 0.45859375 0.034375 0.009375
0 0.41640625 0.48359375 0.02734375 0.01484375
0 0.46328125 0.4765625 0.01640625 0.0125
0 0.478125 0.4671875 0.01953125 0.009375
0 0.48671875 0.48515625 0.01640625 0.0171875
0 0.5078125 0.4484375 0.02890625 0.0109375
0 0.5546875 0.48203125 0.0234375 0.015625
0 0.61484375 0.4265625 0.021875 0.015625
0 0.715625 0.4125 0.02421875 0.01484375
0 0.6921875 0.45625 0.03125 0.021875
0 0.61484375 0.46640625 0.015625 0.0140625
0 0.6859375 0.471875 0.03515625 0.00625
0 0.8015625 0.49453125 0.05078125 0.0078125
0 0.65703125 0.5359375 0.01796875 0.021875
0 0.69921875 0.55078125 0.021875 0.015625
0 0.77578125 0.56015625 0.01328125 0.01875
0 0.9265625 0.58125 0.02109375 0.01796875
0 0.5765625 0.5796875 0.0109375 0.0234375
0 0.51796875 0.6 0.03125 0.00625
0 0.5171875 0.68828125 0.02421875 0.0140625