0 0.559375 0.30390625 0.03125 0.02734375
0 0.7078125 0.3140625 0.0265625 0.03203125
0 0.49609375 0.2828125 0.04609375 0.01953125
0 0.4421875 0.29453125 0.03125 0.0234375
0 0.3796875 0.26015625 0.025 0.02890625
0 0.3984375 0.2 0.0328125 0.01953125
0 0.4234375 0.16953125 0.03984375 0.025
0 0.57421875 0.19296875 0.034375 0.0234375
0 0.1578125 0.184375 0.01796875 0.01640625
0 0.25859375 0.296875 0.034375 0.0359375
0 0.465625 0.39296875 0.028125 0.01953125
0 0.4140625 0.38515625 0.01796875 0.02109375
0 0.30703125 0.34296875 0.04453125 0.02109375
0 0.2859375 0.37578125 0.03671875 0.01953125
0 0.34140625 0.4296875 0.025 0.01875
0 0.434375 0.45859375 0.04140625 0.02734375
0 0.55234375 0.50390625 0.04609375 0.01640625
0 0.634375 0.59296875 0.0515625 0.02265625
0 0.75625 0.6875 0.03828125 0.03125
0 0.65234375 0.7109375 0.04765625 0.01328125
0 0.5 0.73359375 0.0515625 0.01640625
0 0.51953125 0.63828125 0.0328125 0.025
0 0.49375 0.56328125 0.028125 0.03359375
0 0.38984375 0.56328125 0.03984375 0.01640625
0 0.25703125 0.52890625 0.01796875 0.01328125
0 0.23046875 0.56953125 0.04140625 0.01953125
0 0.08828125 0.58125 0.03828125 0.01484375
0 0.0765625 0.6234375 0.028125 0.03203125
0 0.13125 0.69609375 0.028125 0.02578125