0 0.8969270833333333 0.43685763888888884 0.03909722222222243 0.03760416666666657
0 0.37484375 0.9485243055555557 0.03753472222222225 0.03753472222222243
0 0.7099305555555555 0.47413194444444445 0.05732638888888886 0.06180555555555554
0 0.5856423611111111 0.583767361111111 0.04413194444444457 0.04562500000000007
0 0.7147569444444445 0.4418229166666666 0.03597222222222225 0.03746527777777775
0 0.5821527777777777 0.5228645833333333 0.040868055555555574 0.04236111111111107
0 0.49442708333333335 0.5392881944444444 0.04569444444444439 0.04569444444444439
0 0.5694965277777777 0.4318402777777777 0.034479166666666575 0.03895833333333343
0 0.5861979166666667 0.49059027777777775 0.03739583333333343 0.03440972222222225
0 0.5248958333333333 0.5027083333333333 0.04597222222222221 0.05194444444444457
0 0.5108854166666668 0.45166666666666666 0.03590277777777793 0.03590277777777775
0 0.4718576388888889 0.48940972222222223 0.040868055555555574 0.04236111111111107
0 0.5623611111111111 0.3593576388888889 0.037673611111111074 0.04065972222222225
0 0.4366666666666667 0.3140625 0.03760416666666657 0.03909722222222225
0 0.4912847222222222 0.27484375 0.03923611111111107 0.040729166666666664
0 0.5856770833333333 0.23229166666666665 0.04399305555555557 0.04249999999999998
0 0.6276388888888889 0.3134027777777778 0.03256944444444443 0.031076388888888928
0 0.7433506944444443 0.2573784722222222 0.03597222222222207 0.03746527777777775
0 0.6811805555555555 0.24996527777777774 0.052291666666666715 0.05378472222222221
0 0.6552951388888889 0.2487673611111111 0.050729166666666714 0.053715277777777806
0 0.7225347222222223 0.12366319444444444 0.04760416666666671 0.053576388888888896
0 0.6441493055555556 0.10366319444444443 0.03590277777777793 0.03590277777777775