0 0.45078125 0.20625 0.028125 0.02109375
0 0.49921875 0.26015625 0.0296875 0.01953125
0 0.5703125 0.27109375 0.0265625 0.01875
0 0.26796875 0.32265625 0.0265625 0.02578125
0 0.33515625 0.36875 0.028125 0.02890625
0 0.4765625 0.38359375 0.0234375 0.02109375
0 0.4125 0.40390625 0.03125 0.02109375
0 0.31015625 0.4546875 0.03828125 0.02109375
0 0.71328125 0.44296875 0.04765625 0.01484375
0 0.46796875 0.54140625 0.0625 0.0234375
0 0.60859375 0.56015625 0.03671875 0.025
0 0.19453125 0.63828125 0.028125 0.03203125
0 0.4484375 0.684375 0.03671875 0.0296875
0 0.56640625 0.6484375 0.025 0.0375
0 0.5796875 0.7375 0.04453125 0.025
0 0.18125 0.70859375 0.028125 0.01875
0 0.27109375 0.7421875 0.0265625 0.0234375