0 0.3682291666666667 0.3350347222222222 0.0249305555555555 0.03386574074074069
0 0.44996527777777773 0.20567129629629627 0.04565972222222214 0.04890046296296298
0 0.48184606481481485 0.27563078703703703 0.03432870370370367 0.023495370370370416
0 0.4066435185185185 0.429050925925926 0.018263888888888857 0.019560185185185118
0 0.5853935185185184 0.33479166666666665 0.0311805555555555 0.034189814814814846
0 0.5802719907407408 0.3822743055555556 0.03699074074074069 0.03138888888888882
0 0.5730729166666666 0.6218807870370371 0.03074074074074069 0.031064814814814844
0 0.6448842592592593 0.48909722222222224 0.038553240740740694 0.031469907407407405
0 0.6519733796296296 0.5674247685185184 0.038969907407407335 0.045451388888889
0 0.7869212962962963 0.23462962962962966 0.02449074074074069 0.03074074074074069
0 0.8563310185185184 0.34199074074074076 0.03474537037037066 0.03747685185185183
0 0.8315856481481483 0.43456018518518513 0.03677083333333329 0.029826388888889
0 0.7937731481481481 0.5852546296296296 0.03762731481481474 0.046932870370370416