0 0.459375 0.21953125 0.0234375 0.01640625
0 0.50625 0.28359375 0.015625 0.0234375
0 0.58046875 0.28125 0.01875 0.01640625
0 0.271875 0.32109375 0.02734375 0.02734375
0 0.33984375 0.371875 0.02109375 0.02421875
0 0.40625 0.403125 0.02109375 0.01484375
0 0.2953125 0.4390625 0.021875 0.00859375
0 0.73515625 0.44140625 0.01953125 0.0171875
0 0.4703125 0.52734375 0.01953125 0.02578125
0 0.434375 0.51875 0.03125 0.02265625
0 0.615625 0.55546875 0.02734375 0.0234375
0 0.56640625 0.63515625 0.0140625 0.028125
0 0.46484375 0.66171875 0.02734375 0.025
0 0.18359375 0.640625 0.01640625 0.021875
0 0.19765625 0.71328125 0.01796875 0.01171875
0 0.296875 0.74140625 0.02890625 0.01953125
0 0.5734375 0.734375 0.0375 0.0140625