0 0.17313657407407407 0.5072569444444445 0.05627314814814817 0.06048611111111111
0 0.3811979166666667 0.5380497685185185 0.04300925925925929 0.05046296296296297
0 0.37421875 0.5101678240740741 0.04418981481481481 0.04585648148148138
0 0.5153935185185186 0.6636805555555556 0.046388888888888855 0.053750000000000145
0 0.5540740740740742 0.6569675925925926 0.04418981481481481 0.04585648148148138
0 0.5247453703703704 0.6051388888888889 0.03717592592592602 0.0361574074074074
0 0.5164120370370371 0.5702662037037036 0.043935185185185154 0.042731481481481384
0 0.5126909722222223 0.5053414351851852 0.04144675925925938 0.050381944444444396
0 0.5897511574074074 0.5845081018518519 0.03937500000000007 0.04405092592592581
0 0.6206770833333334 0.6174247685185186 0.045497685185185335 0.04281249999999996
0 0.6598148148148149 0.6452083333333334 0.0476967592592592 0.050706018518518546
0 0.6393865740740741 0.5678124999999999 0.045497685185185155 0.04281250000000014
0 0.6010648148148148 0.5211574074074073 0.04731481481481481 0.04601851851851855
0 0.5384895833333333 0.4945891203703704 0.04989583333333343 0.05859953703703695
0 0.42825231481481485 0.40302083333333333 0.03730324074074076 0.0377199074074074
0 0.3391087962962963 0.31035879629629626 0.039120370370370416 0.04092592592592599
0 0.4063599537037037 0.30765625 0.06810185185185187 0.07199074074074074
0 0.4727719907407407 0.3716840277777778 0.047951388888888856 0.05383101851851855
0 0.5433622685185184 0.4292187500000001 0.054328703703703594 0.05571759259259253
0 0.3627430555555556 0.16712962962962963 0.05483796296296291 0.061967592592592616
0 0.43631944444444437 0.2998263888888889 0.05483796296296291 0.061967592592592616
0 0.514861111111111 0.28163194444444445 0.06771990740740748 0.06730324074074075
0 0.44728009259259255 0.14548611111111112 0.040428240740740765 0.03788194444444448
0 0.6171006944444445 0.33281828703703703 0.059525462962962905 0.0622106481481481
0 0.6899247685185185 0.3792534722222222 0.049131944444444464 0.049224537037036956
0 0.7688888888888888 0.3084722222222222 0.06940972222222222 0.06894675925925924