0 0.6502314814814815 0.20710069444444446 0.02853009259259256 0.027152777777777803
0 0.7404224537037036 0.25590277777777776 0.03356481481481488 0.03194444444444446
0 0.9027199074074075 0.4147222222222222 0.03703703703703702 0.036701388888888964
0 0.7177372685185185 0.2865972222222222 0.02517361111111107 0.023958333333333394
0 0.7064814814814815 0.3557638888888889 0.03535879629629637 0.035104166666666714
0 0.5784143518518519 0.3115798611111111 0.04351851851851851 0.03996527777777779
0 0.7116898148148149 0.4260763888888889 0.026851851851851904 0.025555555555555644
0 0.8114583333333334 0.53046875 0.03692129629629619 0.03513888888888896
0 0.7575520833333333 0.5503298611111112 0.031886574074074046 0.030347222222222213
0 0.5308449074074074 0.4064583333333333 0.03032407407407405 0.030312499999999964
0 0.5672453703703704 0.49774305555555554 0.030208333333333216 0.028749999999999963
0 0.6004918981481481 0.6412152777777778 0.025289351851851903 0.025520833333333215
0 0.48790509259259257 0.5427777777777777 0.04027777777777786 0.03833333333333329
0 0.41817129629629635 0.4226736111111111 0.030208333333333216 0.028749999999999963
0 0.41629050925925926 0.5341666666666667 0.02517361111111107 0.023958333333333394
0 0.31548032407407406 0.457829861111111 0.03703703703703702 0.036701388888888783
0 0.671412037037037 0.7668055555555556 0.03032407407407405 0.03031250000000014
0 0.6386284722222222 0.7769965277777777 0.04195601851851851 0.03993055555555554
0 0.7429976851851852 0.8908506944444443 0.031886574074074046 0.03034722222222257
0 0.7110532407407407 0.9439583333333333 0.035243055555555534 0.03354166666666671
0 0.5797453703703704 0.8770833333333334 0.03200231481481488 0.031909722222222214
0 0.34293981481481484 0.64953125 0.043634259259259255 0.04152777777777779
0 0.2419849537037037 0.5396527777777778 0.04207175925925925 0.04149305555555553
0 0.16102430555555555 0.4364583333333333 0.03200231481481484 0.031909722222222214