0 0.1859375 0.16953125 0.025 0.01328125
0 0.43515625 0.17734375 0.04921875 0.01015625
0 0.5703125 0.19296875 0.0234375 0.02109375
0 0.4 0.2171875 0.0234375 0.0125
0 0.36015625 0.27578125 0.01640625 0.0234375
0 0.25625 0.3109375 0.0328125 0.0171875
0 0.2734375 0.36875 0.028125 0.02109375
0 0.42421875 0.3171875 0.034375 0.01484375
0 0.50546875 0.303125 0.028125 0.02890625
0 0.57421875 0.31640625 0.01484375 0.01953125
0 0.715625 0.3046875 0.01015625 0.01484375
0 0.4546875 0.41015625 0.0265625 0.01328125
0 0.31015625 0.4375 0.025 0.01875
0 0.41015625 0.46171875 0.01640625 0.01875
0 0.34296875 0.5578125 0.034375 0.01484375
0 0.21484375 0.5484375 0.0328125 0.0125
0 0.1984375 0.584375 0.0328125 0.02109375
0 0.065625 0.59921875 0.01796875 0.01484375
0 0.0453125 0.65625 0.021875 0.01875
0 0.1328125 0.71796875 0.03828125 0.0125
0 0.4734375 0.74375 0.04453125 0.0125
0 0.49375 0.63203125 0.03125 0.01875
0 0.453125 0.56640625 0.01640625 0.03359375
0 0.52578125 0.51328125 0.01328125 0.01015625
0 0.61171875 0.6140625 0.0234375 0.02734375
0 0.746875 0.7015625 0.04140625 0.01875
0 0.6234375 0.72265625 0.04296875 0.02265625