0 0.0071469907407407385 0.48310763888888886 0.014293981481481477 0.042442129629629656
0 0.05772569444444444 0.39523148148148146 0.044907407407407396 0.050277777777777734
0 0.14146412037037034 0.34622685185185187 0.046932870370370375 0.05341435185185191
0 0.1745949074074074 0.4333854166666667 0.033912037037037025 0.039270833333333324
0 0.1954571759259259 0.540144675925926 0.04820601851851851 0.04093750000000007
0 0.08715277777777777 0.675954861111111 0.0464699074074074 0.050289351851851904
0 0.15462962962962962 0.641898148148148 0.05630787037037037 0.053483796296296404
0 0.2437210648148148 0.44614004629629633 0.0487268518518519 0.05498842592592581
0 0.31814236111111105 0.3230671296296296 0.049131944444444464 0.04718750000000007
0 0.38483796296296297 0.3311574074074074 0.055613425925925955 0.04879629629629623
0 0.3120659722222222 0.5431828703703704 0.047800925925925955 0.04873842592592599
0 0.3054398148148148 0.6142476851851851 0.06232638888888893 0.05196759259259274
0 0.40564236111111107 0.49098379629629624 0.044618055555555716 0.03778935185185191
0 0.34375 0.8192071759259261 0.04756944444444446 0.04717592592592581
0 0.36556712962962956 0.956394675925926 0.03501157407407405 0.0361574074074074
0 0.4333622685185185 0.925457175925926 0.04849537037037024 0.05342592592592581
0 0.557320601851852 0.7208564814814815 0.04629629629629619 0.05965277777777782
0 0.5266493055555556 0.5486168981481482 0.05815972222222214 0.0659837962962964
0 0.5458622685185185 0.3978587962962963 0.04513888888888893 0.05184027777777782
0 0.6199074074074075 0.4722280092592593 0.04039351851851869 0.040879629629629655
0 0.7073206018518519 0.4036863425925926 0.04918981481481488 0.058113425925925985