0 0.16156828703703704 0.17248842592592592 0.04500000000000002 0.04339120370370368
0 0.3432002314814815 0.2648553240740741 0.04494212962962969 0.027812500000000018
0 0.3163078703703704 0.28991898148148143 0.027592592592592523 0.025740740740740797
0 0.16772569444444443 0.43049189814814814 0.0340046296296296 0.02748842592592595
0 0.20615740740740743 0.47551504629629626 0.04392361111111107 0.04803240740740726
0 0.0856597222222222 0.5644155092592593 0.04962962962962962 0.02795138888888893
0 0.22336805555555556 0.49091435185185184 0.05668981481481481 0.035949074074074085
0 0.3009895833333333 0.460300925925926 0.04559027777777782 0.034062499999999926
0 0.5248321759259259 0.25142939814814813 0.053888888888888785 0.038981481481481416
0 0.5495833333333333 0.2772395833333333 0.03416666666666668 0.029050925925925952
0 0.5705787037037038 0.34682291666666665 0.04392361111111107 0.04803240740740744
0 0.4883969907407407 0.30050347222222223 0.03621527777777782 0.033784722222222195
0 0.4647106481481481 0.3248784722222222 0.03136574074074083 0.03208333333333328
0 0.43592013888888886 0.3984722222222222 0.04526620370370367 0.03093749999999993
0 0.5263946759259259 0.35726851851851854 0.04731481481481481 0.035671296296296263
0 0.38929976851851855 0.45508101851851845 0.03777777777777782 0.03383101851851862
0 0.49798611111111113 0.41206597222222224 0.03777777777777782 0.03383101851851844
0 0.554050925925926 0.40040509259259255 0.046400462962963115 0.041874999999999926
0 0.2793865740740741 0.5552662037037037 0.043599537037037006 0.04490740740740744
0 0.13510416666666666 0.631707175925926 0.03136574074074074 0.03208333333333328
0 0.3929861111111111 0.5782233796296297 0.040474537037037 0.04481481481481477
0 0.46782407407407406 0.5820081018518518 0.053888888888888785 0.038981481481481596