0 0.28773726851851855 0.7069733796296296 0.02424768518518521 0.016493055555555712
0 0.40672453703703704 0.5655671296296296 0.017974537037036952 0.04589120370370381
0 0.4236863425925925 0.5919270833333334 0.018645833333333427 0.028761574074074047
0 0.4295081018518518 0.403443287037037 0.01568287037037024 0.031770833333333394
0 0.4573206018518518 0.3834201388888889 0.015196759259259274 0.022395833333333302
0 0.4720775462962964 0.4424479166666666 0.02292824074074069 0.02112268518518512
0 0.4882581018518518 0.4687789351851852 0.025729166666666713 0.014988425925925952
0 0.5230439814814816 0.5230902777777778 0.017974537037036952 0.04589120370370381
0 0.5310590277777777 0.42201967592592593 0.01880787037037024 0.031886574074074046
0 0.5305150462962963 0.38145254629629627 0.02893518518518512 0.016666666666666607
0 0.5363020833333334 0.3426793981481482 0.01929398148148138 0.04126157407407405
0 0.5514641203703704 0.5147858796296296 0.012800925925925988 0.03634259259259274
0 0.5758101851851852 0.4579861111111111 0.018321759259259274 0.02251157407407405
0 0.575480324074074 0.4065104166666667 0.024652777777777857 0.024305555555555535
0 0.594681712962963 0.5662905092592593 0.018969907407407404 0.03501157407407405
0 0.5815046296296297 0.6429976851851852 0.018564814814814846 0.02719907407407405
0 0.52734375 0.7563946759259259 0.019641203703703702 0.017881944444444464
0 0.5768692129629629 0.7340567129629629 0.02751157407407412 0.04936342592592595
0 0.5962500000000001 0.7168402777777778 0.02250000000000014 0.04293981481481488
0 0.6330671296296296 0.8554398148148149 0.019212962962962977 0.039699074074074046
0 0.6640393518518518 0.6858217592592593 0.025567129629629547 0.011863425925925953
0 0.7050462962962963 0.8300347222222222 0.031226851851851832 0.03078703703703738
0 0.749074074074074 0.9936053240740741 0.021851851851851834 0.012789351851851904
0 0.7072916666666667 0.5876157407407407 0.0305787037037037 0.018287037037037025
0 0.7249016203703704 0.5212094907407407 0.015844907407407405 0.03489583333333339
0 0.827662037037037 0.5179976851851852 0.018645833333333427 0.028761574074074047