0 0.9528993055555557 0.9166203703703705 0.03946759259259238 0.03175925925925895
0 0.9317881944444444 0.815769675925926 0.03787037037037031 0.04108796296296298
0 0.9773032407407406 0.7206134259259259 0.04539351851851876 0.03658564814814813
0 0.8288657407407406 0.7246180555555556 0.04175925925925909 0.04582175925925931
0 0.8144849537037036 0.9836400462962963 0.038668981481481526 0.032719907407407336
0 0.7275173611111111 0.910943287037037 0.037361111111111 0.03796296296296262
0 0.7409548611111111 0.7638425925925926 0.04571759259259256 0.0318518518518518
0 0.591741898148148 0.7951446759259259 0.04099537037037031 0.04113425925925931
0 0.5372106481481481 0.9626793981481482 0.040451388888888926 0.047361111111111145
0 0.4917881944444444 0.9565509259259259 0.04201388888888893 0.047384259259259306
0 0.6244212962962963 0.6561226851851851 0.06646990740740737 0.05398148148148145
0 0.7230844907407408 0.5967939814814816 0.03994212962962962 0.04423611111111114
0 0.6159143518518518 0.4221875 0.04935185185185187 0.03502314814814813
0 0.5542534722222222 0.5459722222222222 0.05916666666666668 0.0569907407407408
0 0.39719907407407407 0.5148090277777777 0.044340277777777715 0.05209490740740748
0 0.47856481481481483 0.34455439814814814 0.05629629629629633 0.058506944444444466
0 0.5580092592592593 0.20076967592592593 0.06225694444444443 0.06638888888888887