0 0.2984375 0.32578125 0.028125 0.02109375
0 0.43828125 0.30078125 0.0296875 0.0109375
0 0.34453125 0.36640625 0.021875 0.02109375
0 0.5171875 0.3609375 0.0328125 0.0125
0 0.6546875 0.546875 0.01640625 0.025
0 0.39765625 0.4796875 0.021875 0.02578125
0 0.50390625 0.55859375 0.01328125 0.02265625
0 0.57578125 0.6 0.03671875 0.009375
0 0.53125 0.73046875 0.03984375 0.0109375
0 0.4015625 0.721875 0.02421875 0.02421875
0 0.315625 0.73203125 0.0234375 0.0125
0 0.2234375 0.64296875 0.03203125 0.01015625