0 0.67578125 0.21015625 0.01484375 0.01328125
0 0.04765625 0.32265625 0.01015625 0.01640625
0 0.55546875 0.32578125 0.0296875 0.01484375
0 0.5765625 0.3359375 0.021875 0.0125
0 0.41484375 0.35859375 0.0265625 0.0125
0 0.40546875 0.3828125 0.01953125 0.02109375
0 0.45390625 0.390625 0.021875 0.01484375
0 0.4765625 0.403125 0.01640625 0.02265625
0 0.515625 0.4265625 0.03671875 0.0171875
0 0.4375 0.44296875 0.025 0.01484375
0 0.39921875 0.44609375 0.01484375 0.0234375
0 0.42734375 0.48828125 0.028125 0.02578125
0 0.465625 0.47890625 0.021875 0.01953125
0 0.56015625 0.4859375 0.0296875 0.0171875
0 0.5125 0.45234375 0.0328125 0.02109375
0 0.62109375 0.465625 0.025 0.01875
0 0.7234375 0.41015625 0.01796875 0.0234375
0 0.69765625 0.45546875 0.03671875 0.0296875
0 0.68984375 0.4734375 0.0328125 0.0171875
0 0.81015625 0.49296875 0.0296875 0.01328125
0 0.78359375 0.55703125 0.01328125 0.02109375
0 0.93203125 0.58203125 0.01796875 0.0109375
0 0.66171875 0.534375 0.01640625 0.03203125
0 0.58125 0.58203125 0.028125 0.02578125
0 0.5203125 0.60078125 0.021875 0.01328125
0 0.52734375 0.68984375 0.03671875 0.01953125