0 0.5415625000000001 0.91171875 0.04010416666666679 0.0390625
0 0.53296875 0.72421875 0.051875000000000074 0.0515625
0 0.6116145833333333 0.57578125 0.035104166666666714 0.034375
0 0.4992708333333333 0.7375 0.031770833333333214 0.03125
0 0.5538541666666668 0.58671875 0.04010416666666679 0.0390625
0 0.5216145833333334 0.6015625 0.03989583333333328 0.0359375
0 0.4604687500000001 0.6046875 0.041874999999999926 0.0421875
0 0.54390625 0.5015625 0.04499999999999993 0.0421875
0 0.5254166666666666 0.5328125 0.03843749999999986 0.0375
0 0.9258854166666666 0.26796875 0.03843749999999986 0.0375
0 0.33510416666666665 0.809375 0.03677083333333338 0.0359375
0 0.3539583333333333 0.690625 0.04343750000000002 0.0421875
0 0.3951041666666667 0.6125 0.04520833333333325 0.0453125
0 0.4608333333333333 0.540625 0.03499999999999996 0.0328125
0 0.49515624999999996 0.49453125 0.0484375 0.046875
0 0.30854166666666666 0.7625 0.05177083333333332 0.05
0 0.30161458333333335 0.7375 0.04874999999999998 0.0515625
0 0.19578125 0.83671875 0.053750000000000006 0.05625
0 0.2658333333333333 0.6765625 0.05500000000000007 0.0515625
0 0.2950520833333333 0.56640625 0.04989583333333334 0.0453125
0 0.320625 0.49921875 0.0484375 0.046875