0 0.56015625 0.32578125 0.04609375 0.0296875
0 0.41328125 0.35859375 0.03671875 0.02734375
0 0.4515625 0.38984375 0.0296875 0.040625
0 0.47890625 0.40390625 0.01796875 0.03984375
0 0.43515625 0.44296875 0.04921875 0.02578125
0 0.421875 0.48828125 0.03671875 0.03359375
0 0.51328125 0.4484375 0.03828125 0.02578125
0 0.62578125 0.46640625 0.03125 0.034375
0 0.525 0.6078125 0.034375 0.02734375
0 0.66484375 0.5375 0.0328125 0.03125
0 0.81328125 0.4953125 0.04296875 0.02890625
0 0.728125 0.41484375 0.034375 0.02578125
0 0.7015625 0.45703125 0.04765625 0.02890625
0 0.68359375 0.4828125 0.04765625 0.02890625