0 0.8637384259259259 0.3227141203703704 0.03459490740740741 0.03486111111111114
0 0.8380497685185185 0.4144502314814815 0.03599537037037024 0.031759259259259306
0 0.8965046296296297 0.48791666666666667 0.031307870370370236 0.03168981481481481
0 0.6240277777777777 0.2012847222222222 0.05094907407407412 0.04915509259259263
0 0.6255497685185185 0.30591435185185184 0.041006944444444395 0.03807870370370372
0 0.6458333333333334 0.39598958333333334 0.031307870370370236 0.03168981481481481
0 0.5264525462962963 0.30678819444444444 0.02489583333333325 0.028472222222222232
0 0.858136574074074 0.7566724537037037 0.034513888888889 0.03329861111111114
0 0.5740046296296296 0.5463715277777779 0.04265046296296297 0.03966435185185198
0 0.5546296296296296 0.5039293981481482 0.04774305555555571 0.047546296296296295
0 0.6561111111111111 0.7146469907407408 0.04445601851851855 0.04437499999999996
0 0.5415509259259259 0.7184143518518519 0.040844907407407406 0.03495370370370363
0 0.43956018518518525 0.6333738425925926 0.047662037037036954 0.0459837962962963
0 0.2460011574074074 0.33307870370370374 0.03443287037037042 0.031736111111111145
0 0.18530092592592592 0.39697337962962964 0.0248148148148148 0.02690972222222232
0 0.23372685185185188 0.5179108796296296 0.04281249999999996 0.042789351851851974
0 0.4502488425925926 0.7943460648148147 0.04313657407407412 0.0490393518518518