0 0.57578125 0.1921875 0.0234375 0.01484375
0 0.4375 0.1703125 0.04140625 0.01328125
0 0.41171875 0.209375 0.0234375 0.01484375
0 0.18203125 0.1734375 0.0265625 0.01484375
0 0.26640625 0.30390625 0.0296875 0.01484375
0 0.371875 0.26796875 0.01953125 0.01484375
0 0.43984375 0.30625 0.0265625 0.02265625
0 0.503125 0.290625 0.028125 0.0234375
0 0.5734375 0.303125 0.0296875 0.01875
0 0.71328125 0.3109375 0.01171875 0.025
0 0.45859375 0.3953125 0.034375 0.01640625
0 0.28984375 0.36953125 0.03125 0.025
0 0.30390625 0.3390625 0.0265625 0.01640625
0 0.3296875 0.4265625 0.03828125 0.0171875
0 0.43203125 0.4546875 0.028125 0.02109375
0 0.53515625 0.503125 0.025 0.00859375
0 0.46640625 0.5578125 0.01640625 0.0296875
0 0.36171875 0.5515625 0.03984375 0.01875
0 0.2390625 0.5296875 0.021875 0.0171875
0 0.21640625 0.56640625 0.0265625 0.01328125
0 0.0859375 0.58125 0.01953125 0.01875
0 0.06484375 0.63515625 0.0234375 0.01640625
0 0.13359375 0.696875 0.03671875 0.01484375
0 0.47890625 0.73046875 0.04453125 0.01015625
0 0.49296875 0.6234375 0.01640625 0.02109375
0 0.61640625 0.596875 0.01328125 0.02109375
0 0.7453125 0.6859375 0.03671875 0.02734375
0 0.625 0.71015625 0.0296875 0.01875