0 0.43984375 0.28359375 0.03125 0.00859375
0 0.29140625 0.325 0.03828125 0.02421875
0 0.346875 0.371875 0.0109375 0.0265625
0 0.515625 0.3421875 0.015625 0.0109375
0 0.36796875 0.48125 0.02890625 0.01484375
0 0.41484375 0.4875 0.01953125 0.02578125
0 0.64140625 0.54140625 0.02421875 0.0171875
0 0.49296875 0.5734375 0.01953125 0.02734375
0 0.5640625 0.59921875 0.0375 0.01796875
0 0.2078125 0.63828125 0.02734375 0.01015625
0 0.28515625 0.728125 0.03125 0.0171875
0 0.38046875 0.72890625 0.01796875 0.02734375
0 0.534375 0.73203125 0.040625 0.0140625