0 0.67109375 0.21171875 0.0265625 0.02578125
0 0.584375 0.29609375 0.01796875 0.02265625
0 0.04375 0.3203125 0.021875 0.01875
0 0.4125 0.36015625 0.028125 0.01328125
0 0.5515625 0.3234375 0.04140625 0.0171875
0 0.57890625 0.3390625 0.03671875 0.01328125
0 0.3984375 0.384375 0.0234375 0.01484375
0 0.45234375 0.3890625 0.01484375 0.02109375
0 0.7203125 0.41171875 0.01484375 0.0171875
0 0.4734375 0.4015625 0.01484375 0.02734375
0 0.39921875 0.44609375 0.01171875 0.025
0 0.36015625 0.45703125 0.0234375 0.01328125
0 0.434375 0.4421875 0.01796875 0.01328125
0 0.51796875 0.428125 0.021875 0.01640625
0 0.51015625 0.4515625 0.025 0.0078125
0 0.48515625 0.4671875 0.01484375 0.0109375
0 0.4671875 0.478125 0.01171875 0.0234375
0 0.42109375 0.48203125 0.021875 0.02265625
0 0.6234375 0.421875 0.01328125 0.01875
0 0.621875 0.4640625 0.01953125 0.01875
0 0.553125 0.48515625 0.028125 0.02109375
0 0.6921875 0.45390625 0.021875 0.025
0 0.68828125 0.4734375 0.034375 0.01640625
0 0.80390625 0.49296875 0.03671875 0.0109375
0 0.92890625 0.58125 0.01953125 0.01953125
0 0.78046875 0.559375 0.01328125 0.01953125
0 0.6609375 0.534375 0.01796875 0.0296875
0 0.57890625 0.58203125 0.01328125 0.0234375
0 0.52109375 0.603125 0.0265625 0.00859375
0 0.521875 0.6875 0.025 0.0109375