0 0.8445601851851852 0.09067129629629629 0.026932870370370666 0.012893518518518521
0 0.7163715277777778 0.06454282407407406 0.036817129629629616 0.03021990740740741
0 0.6495138888888888 0.13155092592592593 0.03672453703703695 0.027094907407407387
0 0.7695486111111112 0.24822337962962965 0.04527777777777775 0.05221064814814813
0 0.5646238425925926 0.1740625 0.041736111111111106 0.03810185185185189
0 0.38191550925925927 0.11508101851851851 0.0654050925925926 0.04626157407407407
0 0.4084837962962963 0.19441550925925927 0.04182870370370377 0.04122685185185189
0 0.6979918981481481 0.3683101851851852 0.0413657407407408 0.0256018518518518
0 0.5725289351851852 0.3820833333333333 0.03387731481481478 0.03642361111111114
0 0.7423784722222223 0.5057465277777778 0.03199074074074062 0.025462962962962975
0 0.376400462962963 0.43310763888888887 0.046238425925925954 0.031921296296296295
0 0.5583738425925926 0.4905150462962963 0.04656249999999993 0.0428587962962963
0 0.6116666666666667 0.5647743055555555 0.03387731481481495 0.03642361111111114
0 0.7436342592592593 0.6480150462962964 0.04315972222222229 0.03343749999999997
0 0.1990277777777778 0.45783564814814814 0.04619212962962962 0.030358796296296297
0 0.026394675925925926 0.4544965277777777 0.027534722222222217 0.033206018518518475
0 0.005896990740740742 0.5220717592592592 0.011793981481481483 0.047268518518518474
0 0.15471064814814817 0.6346006944444444 0.0603472222222222 0.03369212962962962
0 0.517650462962963 0.730642361111111 0.060717592592592594 0.04619212962962962
0 0.6818402777777778 0.7815335648148147 0.04775462962962962 0.030381944444444288
0 0.8512268518518518 0.815306712962963 0.06664351851851862 0.03534722222222229