0 0.4209027777777778 0.859050925925926 0.052430555555555536 0.047245370370370667
0 0.4217476851851852 0.6770833333333334 0.04265046296296297 0.03936342592592581
0 0.4455613425925925 0.6847164351851852 0.03780092592592581 0.03620370370370374
0 0.01528935185185185 0.3169791666666667 0.0305787037037037 0.03620370370370374
0 0.33209490740740744 0.5535763888888889 0.04585648148148147 0.04094907407407415
0 0.34239004629629627 0.5207002314814815 0.03780092592592599 0.03620370370370374
0 0.3838599537037037 0.5492881944444444 0.03287037037037033 0.031481481481481485
0 0.4123206018518518 0.557667824074074 0.03780092592592581 0.03620370370370374
0 0.4689467592592592 0.5650578703703704 0.04092592592592581 0.036226851851851906
0 0.4101331018518518 0.49442708333333335 0.036076388888889 0.033067129629629655
0 0.38667245370370373 0.4649247685185186 0.03944444444444448 0.037777777777777646
0 0.36744212962962963 0.4291435185185185 0.04273148148148147 0.04092592592592599
0 0.4326331018518518 0.45208912037037036 0.039444444444444574 0.037777777777777646
0 0.4674884259259259 0.4877546296296297 0.04108796296296298 0.0393518518518519
0 0.4817997685185185 0.5430960648148148 0.049143518518518545 0.04409722222222214
0 0.5452430555555555 0.6449305555555556 0.03443287037037024 0.03149305555555557
0 0.6136053240740741 0.727204861111111 0.0361574074074074 0.034629629629629656
0 0.6251967592592592 0.6693287037037037 0.06072916666666668 0.056678240740740723
0 0.5783969907407407 0.6079803240740741 0.04429398148148138 0.04093750000000007
0 0.5380092592592594 0.5434606481481481 0.047662037037036954 0.045648148148148236
0 0.7407349537037037 0.7153298611111112 0.05251157407407412 0.04880787037037031
0 0.6359085648148148 0.6434780092592594 0.05407407407407412 0.04881944444444457
0 0.6620486111111111 0.5761226851851852 0.06072916666666668 0.056678240740740723
0 0.7710648148148149 0.6424768518518519 0.034513888888889 0.033055555555555574
0 0.6324131944444444 0.48497106481481483 0.054155092592592526 0.05038194444444457
0 0.6014409722222223 0.4196006944444445 0.04437499999999996 0.04250000000000007
0 0.6735127314814815 0.3550289351851852 0.06072916666666668 0.056678240740740723
0 0.9092939814814814 0.7328240740740741 0.02473379629629626 0.02517361111111107