0 0.7143287037037037 0.4819502314814814 0.021932870370370238 0.03185185185185198
0 0.7570428240740741 0.5964872685185185 0.020127314814814844 0.02711805555555564
0 0.7169675925925926 0.578113425925926 0.030902777777777855 0.02431712962962962
0 0.5922916666666668 0.5880671296296296 0.02802083333333343 0.02891203703703695
0 0.4758738425925926 0.5007523148148147 0.03254629629629626 0.025925925925925953
0 0.40415509259259264 0.35499421296296296 0.02958333333333325 0.028958333333333287
0 0.3940104166666667 0.44605902777777773 0.030069444444444392 0.03833333333333329
0 0.3607523148148148 0.649699074074074 0.02802083333333334 0.02891203703703695
0 0.29363425925925923 0.562488425925926 0.027268518518518546 0.044490740740740796
0 0.37380208333333337 0.7353819444444445 0.017326388888888822 0.03327546296296298
0 0.5042245370370371 0.7909837962962963 0.023900462962962978 0.039710648148148134