0 0.47093749999999995 0.8025405092592592 0.0408333333333335 0.026111111111111286
0 0.55953125 0.7669733796296296 0.0423958333333335 0.02615740740740744
0 0.6159375 0.7017708333333333 0.03541666666666661 0.032175925925925955
0 0.26489583333333333 0.633738425925926 0.04874999999999998 0.03879629629629626
0 0.3109375 0.5790393518518518 0.037395833333333336 0.03534722222222229
0 0.4341666666666667 0.5620543981481482 0.038541666666666786 0.03226851851851844
0 0.5257291666666666 0.6134606481481482 0.04083333333333332 0.026111111111111106
0 0.5280208333333334 0.5365277777777777 0.028749999999999963 0.02886574074074062
0 0.7025 0.4686111111111112 0.029166666666666785 0.03199074074074062
0 0.44109375 0.4551793981481482 0.04041666666666668 0.022986111111111106
0 0.35286458333333337 0.42877314814814815 0.036249999999999984 0.038425925925925954
0 0.5069270833333333 0.3959722222222222 0.04562500000000007 0.038703703703703775
0 0.14421875 0.2757349537037037 0.05531250000000001 0.02965277777777775
0 0.4805729166666667 0.24537615740740742 0.04520833333333325 0.03557870370370368
0 0.6358333333333334 0.2745023148148148 0.04437499999999996 0.029328703703703683
0 0.04036458333333333 0.1909664351851852 0.03145833333333333 0.025833333333333285
0 0.10307291666666667 0.13185185185185183 0.051874999999999984 0.03888888888888893
0 0.33807291666666667 0.11782986111111113 0.062291666666666676 0.023634259259259237
0 0.58328125 0.16860532407407408 0.053749999999999964 0.029606481481481504
0 0.6361979166666667 0.09487847222222222 0.06427083333333332 0.026805555555555548