0 0.6136400462962962 0.3800173611111111 0.03400462962962969 0.023263888888888928
0 0.45956018518518515 0.34960069444444447 0.03849537037037045 0.02190972222222225
0 0.4794386574074074 0.3976215277777778 0.03655092592592588 0.031145833333333338
0 0.49826388888888895 0.42281250000000004 0.025416666666666643 0.029097222222222285
0 0.44404513888888886 0.4416145833333333 0.04494212962962969 0.02375000000000007
0 0.4029918981481481 0.4806423611111111 0.03049768518518512 0.03243055555555543
0 0.5079803240740741 0.4766666666666667 0.03380787037037045 0.02170138888888893
0 0.6056712962962962 0.5493576388888889 0.029710648148148167 0.026180555555555606
0 0.6810474537037037 0.5684201388888889 0.04847222222222225 0.03944444444444439
0 0.7302025462962962 0.5336805555555555 0.02482638888888893 0.024409722222222284
0 0.7699363425925926 0.6548611111111111 0.03732638888888893 0.024965277777777926
0 0.6064756944444445 0.6303124999999999 0.02717592592592588 0.030729166666666786
0 0.4372222222222222 0.6392881944444444 0.024236111111111215 0.019722222222222287