0 0.3013078703703704 0.9536111111111112 0.02561342592592597 0.027534722222222287
0 0.41219328703703706 0.9868402777777778 0.039016203703703664 0.02347222222222207
0 0.6733159722222222 0.9803645833333334 0.04951388888888886 0.02083333333333357
0 0.4213541666666667 0.9385069444444444 0.02473379629629626 0.021284722222222285
0 0.4732060185185185 0.8661284722222222 0.04482638888888886 0.02062500000000007
0 0.33847222222222223 0.7956770833333333 0.03562500000000002 0.04350694444444443
0 0.5391435185185186 0.8053819444444444 0.02942129629629626 0.02149305555555543
0 0.70484375 0.7954513888888889 0.04773148148148145 0.019201388888888893
0 0.6800462962962963 0.7314583333333333 0.0280555555555555 0.03385416666666678
0 0.38462962962962965 0.6688020833333332 0.03701388888888886 0.02027777777777793
0 0.4917650462962963 0.6169618055555556 0.02605324074074069 0.030659722222222286
0 0.6415335648148148 0.5135590277777778 0.034791666666666644 0.015520833333333428
0 0.47032986111111114 0.5067361111111112 0.03518518518518512 0.04038194444444443
0 0.31308449074074074 0.5571354166666667 0.02717592592592588 0.027604166666666607
0 0.40794560185185186 0.4528645833333333 0.01980324074074069 0.030381944444444465
0 0.2657349537037037 0.43553819444444447 0.04817129629629626 0.022326388888888892
0 0.8049074074074074 0.45871527777777776 0.03298611111111107 0.02475694444444443
0 0.7889814814814815 0.42105902777777776 0.04255787037037049 0.03760416666666657
0 0.8309780092592594 0.2790625 0.044166666666666646 0.015937499999999983
0 0.45357060185185183 0.2850868055555556 0.05239583333333329 0.030277777777777716
0 0.2819618055555556 0.29789930555555555 0.055763888888888856 0.021111111111111035
0 0.1307986111111111 0.32184027777777774 0.04438657407407405 0.01750000000000007