0 0.6758854166666667 0.08567708333333333 0.06135416666666664 0.05243055555555556
0 0.5757291666666667 0.22526041666666669 0.057395833333333354 0.04604166666666672
0 0.355 0.3546701388888889 0.06125000000000007 0.040000000000000036
0 0.34296875 0.39248263888888885 0.05333333333333332 0.05052083333333339
0 0.5297395833333333 0.273125 0.07114583333333328 0.03267361111111118
0 0.56765625 0.27998263888888886 0.034375 0.02482638888888893
0 0.4044270833333334 0.38586805555555553 0.03093749999999993 0.03399305555555552
0 0.4367708333333333 0.39375 0.034895833333333216 0.04038194444444443
0 0.2963020833333333 0.4978472222222222 0.06374999999999993 0.03545138888888886
0 0.33859374999999997 0.47189236111111105 0.04250000000000007 0.03916666666666657
0 0.7588020833333333 0.3258506944444445 0.04697916666666657 0.037812499999999985
0 0.6315104166666666 0.3718923611111111 0.04010416666666679 0.03284722222222225
0 0.4963541666666666 0.41284722222222225 0.04458333333333329 0.03149305555555557
0 0.38635416666666667 0.45734375 0.048541666666666664 0.03788194444444439
0 0.3731770833333333 0.5153993055555556 0.06854166666666668 0.04809027777777786
0 0.4880729166666667 0.4458333333333334 0.05656250000000007 0.03979166666666671
0 0.8780729166666668 0.3982118055555556 0.058645833333333286 0.03211805555555554
0 0.7308333333333333 0.39 0.05208333333333322 0.041145833333333305
0 0.6497916666666667 0.3920486111111111 0.030104166666666644 0.027743055555555608
0 0.6362500000000001 0.42371527777777784 0.03718749999999993 0.03427083333333343
0 0.5547395833333333 0.47005208333333337 0.04812499999999993 0.03475694444444457
0 0.45583333333333337 0.4721180555555556 0.03677083333333329 0.031145833333333428
0 0.43557291666666664 0.4901041666666667 0.03916666666666657 0.03746527777777775
0 0.47088541666666667 0.49319444444444444 0.04010416666666679 0.03284722222222225
0 0.5155208333333333 0.6302256944444444 0.052604166666666605 0.03340277777777771
0 0.5238020833333333 0.73703125 0.05458333333333343 0.03659722222222221
0 0.8557291666666668 0.49006944444444445 0.029999999999999714 0.03861111111111111
0 0.6939062500000001 0.4980381944444444 0.048229166666666504 0.04718750000000007
0 0.7525000000000001 0.5070833333333333 0.043645833333333425 0.03611111111111107
0 0.5917708333333334 0.5825694444444445 0.0453125 0.04861111111111107