0 0.7557754629629629 0.8119444444444444 0.04543981481481474 0.04152777777777779
0 0.728130787037037 0.6778298611111111 0.036516203703703634 0.03197916666666671
0 0.7701041666666667 0.4834201388888889 0.03532407407407412 0.035069444444444285
0 0.7217013888888889 0.6301909722222222 0.04949074074074069 0.049409722222222285
0 0.6904629629629631 0.6442013888888889 0.042314814814814736 0.041458333333333285
0 0.7548668981481482 0.4539930555555555 0.031643518518518474 0.030312499999999964
0 0.7186458333333333 0.49866319444444446 0.03127314814814817 0.027187499999999965
0 0.5370775462962962 0.7181076388888888 0.027777777777777856 0.023993055555555642
0 0.6939756944444444 0.508611111111111 0.03807870370370363 0.032013888888888786
0 0.6959606481481482 0.4130034722222223 0.03302083333333332 0.028784722222222215
0 0.7090219907407407 0.3711979166666667 0.031643518518518474 0.030312499999999964
0 0.679537037037037 0.4462673611111111 0.027962962962962835 0.025555555555555644
0 0.6424768518518519 0.5301215277777778 0.03339120370370381 0.031909722222222214
0 0.625636574074074 0.5069965277777777 0.02833333333333332 0.028680555555555643
0 0.6249652777777778 0.47489583333333335 0.022719907407407546 0.020763888888888894
0 0.6253124999999999 0.45138888888888895 0.03127314814814817 0.027187500000000142
0 0.6490335648148149 0.40699652777777773 0.0401967592592591 0.03673611111111121
0 0.5849305555555555 0.6261805555555556 0.027962962962963012 0.025555555555555644
0 0.5461631944444445 0.5964930555555555 0.033206018518518475 0.030347222222222213
0 0.5678356481481481 0.5215972222222222 0.042129629629629586 0.03989583333333328
0 0.514375 0.6653472222222222 0.04194444444444443 0.03833333333333329
0 0.4983680555555555 0.6492534722222223 0.042314814814814736 0.041458333333333285
0 0.4108969907407407 0.7373611111111111 0.040567129629629585 0.039861111111111215
0 0.2515162037037037 0.7871180555555556 0.03495370370370372 0.03194444444444429
0 0.36162037037037037 0.671875 0.029710648148148167 0.027152777777777713
0 0.4568113425925926 0.5828125 0.043321759259259275 0.036805555555555536
0 0.46012152777777776 0.47855902777777776 0.03458333333333332 0.028819444444444463
0 0.47509259259259257 0.4132118055555556 0.030081018518518476 0.030277777777777716
0 0.3948032407407408 0.35703125 0.031643518518518474 0.030312499999999964