0 0.5051157407407407 0.22515046296296298 0.035509259259259275 0.02238425925925931
0 0.38004050925925925 0.18328703703703703 0.030821759259259274 0.022314814814814808
0 0.398125 0.22595486111111107 0.02826388888888882 0.033206018518518475
0 0.3791550925925926 0.36597222222222225 0.03278935185185183 0.030150462962962976
0 0.46946759259259263 0.49109953703703707 0.029907407407407403 0.034791666666666644
0 0.6271759259259259 0.5660474537037037 0.034513888888889 0.03329861111111114
0 0.5241840277777777 0.5800636574074074 0.045451388888889 0.03346064814814813
0 0.29625578703703703 0.6248148148148148 0.03443287037037033 0.031736111111111145
0 0.3894039351851852 0.6952546296296296 0.051539351851851836 0.03042824074074062
0 0.2016319444444444 0.6129456018518519 0.03699074074074069 0.020844907407407475
0 0.1481076388888889 0.47087962962962965 0.045046296296296265 0.025648148148148132