0 0.7684548611111112 0.7603645833333333 0.019444444444444285 0.023819444444444393
0 0.10847222222222223 0.7280555555555555 0.01914351851851852 0.02069444444444457
0 0.660150462962963 0.6844791666666666 0.03209490740740737 0.025659722222222216
0 0.6245543981481482 0.6563020833333333 0.042581018518518476 0.021215277777777784
0 0.6438136574074074 0.6449131944444444 0.03461805555555557 0.019479166666666714
0 0.47438657407407414 0.6416319444444445 0.03527777777777778 0.010138888888888965
0 0.4564293981481482 0.6177604166666667 0.020405092592592666 0.017604166666666643
0 0.5044444444444445 0.6041666666666666 0.023831018518518477 0.020798611111111143
0 0.5273090277777778 0.5895659722222222 0.01148148148148138 0.0220833333333335
0 0.5642939814814815 0.5589930555555556 0.03149305555555557 0.019409722222222214
0 0.4771238425925926 0.556232638888889 0.03744212962962958 0.016423611111111215
0 0.44048032407407406 0.5578298611111111 0.021307870370370453 0.026979166666666644
0 0.4018518518518519 0.5469444444444445 0.03714120370370359 0.013298611111111214
0 0.45337962962962963 0.5129166666666667 0.03149305555555557 0.019409722222222214
0 0.5036053240740741 0.5141493055555555 0.02010416666666668 0.014479166666666644
0 0.5199826388888888 0.5216145833333334 0.02292824074074069 0.011423611111111143
0 0.5252083333333333 0.5027083333333333 0.020706018518518478 0.020729166666666642
0 0.5543750000000001 0.5372916666666667 0.03260416666666668 0.014756944444444465
0 0.5942881944444445 0.4964756944444444 0.02836805555555557 0.019340277777777713
0 0.6679282407407408 0.5457291666666666 0.025092592592592666 0.017708333333333215
0 0.7721354166666667 0.5465451388888889 0.02836805555555557 0.019340277777777713
0 0.7399479166666667 0.5049826388888888 0.035219907407407366 0.025729166666666713
0 0.6592534722222222 0.5044270833333334 0.018842592592592668 0.01756944444444457
0 0.7299247685185185 0.49032986111111115 0.038402777777777786 0.010208333333333286
0 0.8428703703703704 0.45180555555555557 0.054479166666666856 0.015243055555555607
0 0.6871875000000001 0.4286458333333333 0.022569444444444465 0.023888888888888894
0 0.7266377314814815 0.4074131944444444 0.025092592592592666 0.017708333333333215
0 0.8030324074074076 0.3877083333333333 0.016018518518518477 0.020624999999999984
0 0.9517650462962962 0.34682291666666665 0.025393518518518475 0.020833333333333304
0 0.5970081018518518 0.3946354166666667 0.018182870370370453 0.02690972222222232
0 0.5330034722222222 0.38039930555555557 0.03215277777777779 0.010069444444444464
0 0.5134143518518519 0.2907986111111111 0.02836805555555557 0.019340277777777803