0 0.82890625 0.74765625 0.028125 0.0421875
0 0.71484375 0.77734375 0.03125 0.025
0 0.4890625 0.79453125 0.059375 0.0171875
0 0.56796875 0.7078125 0.034375 0.02890625
0 0.7015625 0.65078125 0.01796875 0.02734375
0 0.728125 0.50625 0.034375 0.01328125
0 0.5875 0.5703125 0.025 0.0375
0 0.4171875 0.62734375 0.04140625 0.01953125
0 0.54609375 0.64375 0.01796875 0.03203125
0 0.48125 0.5140625 0.01640625 0.03125
0 0.46796875 0.3890625 0.04296875 0.0125
0 0.559375 0.31640625 0.03125 0.02734375
0 0.71484375 0.35390625 0.021875 0.02109375
0 0.50703125 0.2734375 0.028125 0.02578125
0 0.5765625 0.18671875 0.0515625 0.02109375
0 0.34140625 0.16953125 0.07734375 0.0234375
0 0.434375 0.27109375 0.03125 0.02890625
0 0.3328125 0.25078125 0.034375 0.02109375
0 0.23359375 0.3109375 0.04765625 0.02109375
0 0.075 0.196875 0.028125 0.02265625
0 0.271875 0.40078125 0.025 0.03359375
0 0.3390625 0.3609375 0.01640625 0.03203125
0 0.36640625 0.4671875 0.03125 0.034375
0 0.29765625 0.5625 0.0265625 0.02578125
0 0.2234375 0.62109375 0.04296875 0.01953125
0 0.0703125 0.6203125 0.021875 0.02265625
0 0.053125 0.66875 0.0265625 0.02109375
0 0.084375 0.74609375 0.053125 0.01875
0 0.48203125 0.40703125 0.025 0.02578125