0 0.8536053240740742 0.5567418981481481 0.037638888888889 0.033078703703703735
0 0.705167824074074 0.4524131944444445 0.036967592592592524 0.050254629629629476
0 0.7444965277777778 0.4771122685185185 0.02489583333333343 0.028298611111111073
0 0.6412847222222222 0.3138773148148148 0.030474537037036953 0.04552083333333332
0 0.6113831018518519 0.3031655092592592 0.03499999999999996 0.04243055555555557
0 0.6122511574074074 0.36173032407407407 0.026377314814814846 0.026747685185185156
0 0.696556712962963 0.4829340277777778 0.02489583333333343 0.028298611111111073
0 0.6059837962962963 0.39223379629629634 0.034351851851851835 0.02993055555555557
0 0.5419444444444445 0.3169560185185185 0.035671296296296263 0.025254629629629655
0 0.5523784722222222 0.35670717592592593 0.02850694444444457 0.037696759259259235
0 0.5242361111111111 0.28194444444444444 0.021689814814814846 0.026712962962962904
0 0.5025810185185186 0.3531712962962963 0.02942129629629626 0.025208333333333322
0 0.5198032407407407 0.3975578703703704 0.02818287037037024 0.03144675925925924
0 0.5862442129629629 0.4415798611111111 0.028668981481481382 0.04082175925925924
0 0.5580787037037037 0.4425694444444444 0.02538194444444457 0.037673611111111074
0 0.5360995370370369 0.41461805555555553 0.02998842592592581 0.03614583333333332
0 0.5135358796296297 0.42806134259259265 0.029583333333333427 0.02833333333333332
0 0.641550925925926 0.655150462962963 0.031226851851851832 0.029907407407407403
0 0.6101388888888889 0.5530787037037037 0.02686342592592599 0.036122685185185334
0 0.5635590277777778 0.5627951388888889 0.03631944444444457 0.03775462962962948
0 0.5904571759259258 0.5711863425925926 0.032951388888889 0.03304398148148149
0 0.5298379629629629 0.5052546296296296 0.03343750000000014 0.04241898148148149
0 0.5860706018518519 0.6407233796296297 0.038124999999999964 0.042453703703703737
0 0.5666203703703704 0.6393055555555556 0.02866898148148156 0.04082175925925924
0 0.5427546296296296 0.6176157407407408 0.0361574074074074 0.034629629629629656
0 0.4915856481481482 0.5953472222222222 0.03187500000000014 0.04240740740740741
0 0.5685706018518518 0.7673668981481481 0.030636574074074118 0.04864583333333332
0 0.42752893518518514 0.5505266203703704 0.04313657407407412 0.04873842592592581
0 0.39623263888888893 0.49140625 0.030069444444444392 0.03770833333333332
0 0.4877777777777778 0.6687847222222223 0.031388888888889 0.033032407407407406
0 0.49323495370370374 0.7593344907407408 0.04405092592592581 0.036250000000000074
0 0.4963252314814815 0.9256539351851852 0.029664351851851834 0.029895833333333142
0 0.30385416666666665 0.5108333333333334 0.03721064814814819 0.05494212962962965
0 0.2527662037037037 0.6978587962962963 0.03952546296296298 0.03934027777777782