0 0.2068229166666667 0.695775462962963 0.04458333333333329 0.030891203703703594
0 0.19187500000000002 0.5219097222222222 0.02979166666666666 0.03667824074074062
0 0.2734375 0.45879629629629626 0.03208333333333328 0.030520833333333285
0 0.27265625 0.63390625 0.03270833333333334 0.035208333333333286
0 0.39770833333333333 0.6006307870370371 0.03354166666666662 0.041458333333333285
0 0.5079166666666667 0.35769097222222224 0.03979166666666671 0.04164351851851853
0 0.5548437500000001 0.4317824074074075 0.0388541666666665 0.04628472222222228
0 0.5272395833333333 0.5104166666666667 0.04208333333333325 0.03548611111111111
0 0.5007291666666667 0.8084606481481481 0.0421875 0.04793981481481495
0 0.60328125 0.7455034722222222 0.03343750000000014 0.02900462962962962
0 0.63546875 0.6441666666666667 0.03979166666666671 0.04164351851851862
0 0.6811458333333333 0.45916666666666667 0.029479166666666678 0.04600694444444446
0 0.43619791666666663 0.18939814814814815 0.04458333333333329 0.030891203703703685
0 0.4179166666666666 0.5541203703703704 0.029895833333333323 0.025787037037036952