0 0.7075520833333334 0.5288483796296296 0.060416666666666785 0.058101851851851904
0 0.5918113425925926 0.5591724537037036 0.046875 0.043634259259259164
0 0.7663194444444444 0.266724537037037 0.07280092592592595 0.06631944444444446
0 0.6569733796296295 0.3177372685185185 0.060532407407407264 0.05034722222222223
0 0.5891493055555556 0.35691550925925924 0.0453125 0.04357638888888893
0 0.24516782407407406 0.7956886574074074 0.06209490740740744 0.05040509259259256
0 0.46032986111111107 0.32618634259259255 0.05214120370370381 0.046932870370370416
0 0.41472800925925923 0.36854745370370373 0.05399305555555554 0.048553240740740744
0 0.24855324074074076 0.5480324074074074 0.05370370370370363 0.04699074074074083
0 0.21860532407407404 0.4336516203703704 0.06209490740740744 0.05040509259259274
0 0.27456597222222223 0.33110532407407406 0.06267361111111107 0.05353009259259256
0 0.24866898148148148 0.08865740740740741 0.06811342592592595 0.06614583333333332
0 0.0831886574074074 0.3578414351851852 0.05844907407407409 0.06423611111111108