0 0.271875 0.14609375 0.02890625 0.01484375
0 0.5046875 0.153125 0.01875 0.01328125
0 0.603125 0.1796875 0.015625 0.01640625
0 0.49375 0.184375 0.02421875 0.01484375
0 0.45546875 0.23125 0.02890625 0.01328125
0 0.4078125 0.2875 0.0109375 0.015625
0 0.271875 0.29765625 0.03984375 0.01953125
0 0.2984375 0.3515625 0.01640625 0.021875
0 0.4921875 0.325 0.02109375 0.021875
0 0.58125 0.3046875 0.03671875 0.01796875
0 0.5375 0.40390625 0.03671875 0.01328125
0 0.45 0.44609375 0.01015625 0.01875
0 0.6015625 0.4984375 0.02421875 0.00625
0 0.4796875 0.5359375 0.01875 0.0328125
0 0.34375 0.53046875 0.034375 0.01328125
0 0.20625 0.55625 0.0328125 0.0078125
0 0.21015625 0.59140625 0.03828125 0.01328125
0 0.0828125 0.596875 0.015625 0.01640625
0 0.06328125 0.659375 0.01875 0.025
0 0.178125 0.709375 0.03828125 0.0046875
0 0.50234375 0.725 0.0421875 0.01640625
0 0.53828125 0.5890625 0.03671875 0.0234375
0 0.65078125 0.6015625 0.025 0.01640625
0 0.65 0.71171875 0.04609375 0.009375
0 0.771875 0.69453125 0.034375 0.01015625