0 0.8700578703703703 0.5963541666666666 0.017280092592592666 0.01799768518518512
0 0.6213078703703704 0.00019675925925925764 0.01824074074074069 0.00039351851851851527
0 0.7295081018518518 0.49843171296296296 0.021759259259259166 0.032222222222222284
0 0.7237268518518518 0.5199305555555556 0.017881944444444464 0.02424768518518512
0 0.6671238425925926 0.3642650462962963 0.018333333333333358 0.02893518518518512
0 0.6414467592592593 0.3585300925925926 0.025694444444444464 0.024652777777777767
0 0.6439178240740742 0.4086516203703704 0.021006944444444287 0.024409722222222284
0 0.6360185185185185 0.4326157407407408 0.02524305555555557 0.019965277777777856
0 0.6221875 0.4765162037037037 0.025636574074074048 0.04019675925925927
0 0.5882523148148149 0.4013310185185185 0.021307870370370453 0.027534722222222287
0 0.5776099537037037 0.36419560185185185 0.026805555555555572 0.020046296296296263
0 0.541707175925926 0.39903356481481483 0.03269675925925917 0.03278935185185183
0 0.5593055555555556 0.43502314814814813 0.025694444444444464 0.024652777777777857
0 0.5724652777777777 0.5309143518518519 0.023321759259259167 0.03230324074074069
0 0.5955497685185185 0.4771122685185185 0.030173611111111144 0.038877314814814844
0 0.6061574074074073 0.5872685185185185 0.024432870370370452 0.027696759259259275
0 0.6833043981481481 0.6790567129629629 0.02710648148148138 0.023171296296296263
0 0.6329108796296297 0.661255787037037 0.03828703703703695 0.04240740740740741
0 0.6127777777777779 0.6560185185185186 0.02533564814814824 0.037071759259259277
0 0.6206828703703703 0.7788773148148148 0.020196759259259168 0.0321412037037037
0 0.5517650462962963 0.7643923611111111 0.024942129629629585 0.016840277777777857
0 0.5592534722222222 0.9155381944444443 0.014456018518518476 0.020960648148147954
0 0.5467592592592593 0.6390277777777778 0.03461805555555557 0.020451388888888998
0 0.48258101851851853 0.5677662037037037 0.03269675925925917 0.03278935185185183
0 0.45115740740740745 0.5105092592592593 0.019444444444444285 0.024328703703703703
0 0.36546296296296293 0.5337962962962963 0.028761574074074047 0.04035879629629626