0 0.415625 0.3609375 0.03828125 0.01953125
0 0.5578125 0.32890625 0.04140625 0.01875
0 0.58046875 0.33828125 0.0265625 0.02109375
0 0.453125 0.3953125 0.0265625 0.0234375
0 0.47890625 0.40703125 0.025 0.02890625
0 0.5125 0.44921875 0.0328125 0.01953125
0 0.43515625 0.44453125 0.03671875 0.02109375
0 0.421875 0.4890625 0.0296875 0.0234375
0 0.7265625 0.4140625 0.025 0.02265625
0 0.815625 0.49765625 0.03828125 0.02109375
0 0.62578125 0.46953125 0.025 0.0234375
0 0.70234375 0.4625 0.0328125 0.02734375
0 0.68046875 0.47890625 0.03828125 0.02109375
0 0.56015625 0.49140625 0.0328125 0.01953125
0 0.665625 0.53984375 0.021875 0.0359375
0 0.5828125 0.58671875 0.028125 0.02734375
0 0.52421875 0.6078125 0.0265625 0.01953125