0 0.3957986111111111 0.9365509259259259 0.03443287037037033 0.03149305555555557
0 0.22419560185185183 0.8120891203703703 0.03427083333333334 0.02836805555555557
0 0.16997685185185185 0.7281481481481482 0.031226851851851832 0.029907407407407403
0 0.26207754629629626 0.7743229166666666 0.031145833333333338 0.028344907407407405
0 0.3317881944444444 0.7402256944444445 0.03270833333333334 0.02835648148148149
0 0.27708912037037037 0.6203645833333333 0.04445601851851855 0.044062500000000074
0 0.40727430555555555 0.730295138888889 0.03936342592592581 0.036215277777777645
0 0.5258912037037037 0.8223495370370371 0.05555555555555554 0.047268518518518474
0 0.5293344907407407 0.7559432870370371 0.03944444444444439 0.03777777777777782
0 0.3644502314814815 0.5470891203703704 0.03427083333333334 0.02836805555555557
0 0.4616724537037037 0.5697974537037037 0.031307870370370236 0.031469907407407405
0 0.37200810185185185 0.43145254629629626 0.029502314814814846 0.02677083333333332
0 0.6227835648148148 0.5803182870370371 0.037557870370370415 0.03151620370370374
0 0.5040451388888888 0.490607638888889 0.04429398148148138 0.04093750000000007
0 0.4858564814814814 0.41967592592592595 0.031307870370370236 0.031469907407407405
0 0.41279513888888886 0.3225983796296296 0.037638888888889 0.033078703703703735
0 0.7627314814814815 0.6073958333333334 0.039201388888889 0.03309027777777764
0 0.8891261574074074 0.6548784722222222 0.028101851851851833 0.02988425925925924
0 0.933582175925926 0.6108159722222222 0.03960648148148138 0.04090277777777782
0 0.8456134259259258 0.4849537037037036 0.047256944444444574 0.037835648148148236
0 0.6036226851851852 0.3172800925925926 0.05234953703703695 0.04568287037037031
0 0.49689814814814814 0.23685185185185187 0.039201388888889 0.03309027777777782
0 0.38101273148148146 0.16742476851851854 0.05218749999999996 0.0425578703703704