0 0.39296875 0.17265625 0.03125 0.02265625
0 0.48046875 0.190625 0.03828125 0.02265625
0 0.54140625 0.2421875 0.04140625 0.0234375
0 0.48125 0.3046875 0.0296875 0.0171875
0 0.40078125 0.36484375 0.028125 0.03125
0 0.2640625 0.328125 0.03828125 0.0234375
0 0.30859375 0.37109375 0.03828125 0.03359375
0 0.4890625 0.36796875 0.04296875 0.0234375
0 0.6078125 0.3828125 0.034375 0.02890625
0 0.61953125 0.44140625 0.034375 0.03203125
0 0.4296875 0.4640625 0.03671875 0.02578125
0 0.37109375 0.4875 0.034375 0.03984375
0 0.49609375 0.521875 0.0265625 0.02734375
0 0.2171875 0.60078125 0.034375 0.02578125
0 0.11328125 0.67421875 0.028125 0.01875
0 0.15625 0.71953125 0.04140625 0.025
0 0.353125 0.74140625 0.04765625 0.01953125
0 0.4828125 0.64765625 0.053125 0.02734375
0 0.60859375 0.60390625 0.03984375 0.02265625
0 0.56875 0.6953125 0.0296875 0.02265625
0 0.646875 0.74140625 0.04609375 0.02265625