0 0.18020254629629628 0.5925173611111111 0.03733796296296297 0.03739583333333343
0 0.23961226851851852 0.4477083333333334 0.029131944444444446 0.033923611111111106
0 0.24272569444444442 0.5648784722222222 0.03342592592592588 0.031006944444444427
0 0.33770254629629626 0.39673611111111107 0.03108796296296301 0.037118055555555605
0 0.5799305555555556 0.3424652777777778 0.033032407407407406 0.027881944444444428
0 0.37368055555555557 0.5613888888888889 0.03674768518518512 0.03270833333333343
0 0.5035243055555556 0.4926909722222222 0.02951388888888893 0.024618055555555428
0 0.5815972222222222 0.44027777777777777 0.02972222222222225 0.03861111111111111
0 0.6703703703703703 0.537326388888889 0.033240740740740723 0.041874999999999926
0 0.5882291666666667 0.6590624999999999 0.036944444444444356 0.03427083333333343
0 0.5471354166666667 0.7447916666666666 0.025416666666666643 0.029097222222222285
0 0.41633101851851856 0.7964409722222222 0.027766203703703595 0.03541666666666661