0 0.39580439814814816 0.12149305555555556 0.049687500000000016 0.04353009259259259
0 0.3327314814814815 0.20094328703703704 0.05469907407407408 0.046793981481481506
0 0.3178298611111111 0.29150462962962964 0.06159722222222221 0.05322916666666666
0 0.41993634259259255 0.3088541666666667 0.042789351851851974 0.03709490740740744
0 0.5374479166666667 0.3085069444444445 0.051898148148148235 0.04982638888888893
0 0.6304918981481482 0.1780150462962963 0.05658564814814824 0.04996527777777775
0 0.6245833333333334 0.24950231481481483 0.06380787037037035 0.059525462962962995
0 0.4611168981481482 0.37346064814814817 0.06315972222222221 0.053275462962962906
0 0.3668518518518519 0.4695081018518518 0.05847222222222222 0.053136574074074086
0 0.40170138888888884 0.5335185185185185 0.06035879629629619 0.05630787037037024
0 0.5884201388888889 0.422193287037037 0.05831018518518523 0.051574074074074085
0 0.6577314814814814 0.40289930555555553 0.0672569444444445 0.06274305555555557
0 0.5737905092592592 0.5229340277777779 0.048287037037037094 0.045046296296296265
0 0.8824363425925925 0.4009432870370371 0.05658564814814824 0.04996527777777775
0 0.9987673611111111 0.47035300925925927 0.002465277777777786 0.05309027777777775
0 0.869994212962963 0.6285706018518519 0.06472222222222221 0.053321759259259235
0 0.6821701388888888 0.6310011574074074 0.0750694444444445 0.06297453703703706
0 0.5374074074074074 0.6783912037037038 0.05798611111111107 0.04844907407407408
0 0.6429456018518518 0.7363888888888889 0.04640046296296294 0.041874999999999926
0 0.6091608796296296 0.8337789351851852 0.06315972222222221 0.053275462962962906