0 0.007089120370370371 0.4298032407407407 0.008020833333333335 0.02835648148148149
0 0.03046875 0.6335763888888889 0.020520833333333332 0.0287268518518518
0 0.15443287037037037 0.813773148148148 0.020590277777777777 0.03810185185185198
0 0.10425347222222223 0.6826273148148149 0.020497685185185154 0.025601851851851976
0 0.14814814814814814 0.5980092592592593 0.029942129629629655 0.03525462962962962
0 0.12569444444444444 0.5192361111111111 0.029953703703703694 0.036817129629629616
0 0.13675925925925925 0.4313020833333333 0.025289351851851816 0.03980324074074062
0 0.14016203703703706 0.2580034722222222 0.03136574074074074 0.01655092592592595
0 0.25732060185185185 0.5739062500000001 0.022199074074074066 0.04439814814814813
0 0.2346585648148148 0.7833449074074074 0.0331134259259259 0.041597222222222105
0 0.19625578703703703 0.7658043981481482 0.02211805555555557 0.03346064814814813
0 0.30302662037037037 0.7338194444444445 0.02378472222222223 0.04756944444444446
0 0.3325462962962963 0.6065972222222221 0.026828703703703737 0.03672453703703695
0 0.3870543981481481 0.47855324074074074 0.012731481481481488 0.03162037037037031
0 0.45876157407407414 0.5634722222222222 0.03766203703703717 0.022986111111111106
0 0.4558101851851852 0.6922627314814814 0.025381944444444395 0.05230324074074062
0 0.4358564814814815 0.8455439814814815 0.023634259259259237 0.027256944444444285
0 0.4821412037037037 0.8726909722222222 0.018993055555555572 0.033368055555555644
0 0.6484895833333333 0.9752546296296296 0.02064814814814824 0.04591435185185198
0 0.671875 0.5471354166666667 0.014479166666666644 0.05666666666666664
0 0.5389641203703703 0.5299189814814815 0.02516203703703699 0.022615740740740797
0 0.49955439814814817 0.3764409722222222 0.025127314814814738 0.017928240740740797
0 0.6030266203703704 0.21548032407407405 0.03628472222222214 0.047939814814814775
0 0.6385069444444444 0.36571759259259257 0.025289351851851903 0.0398032407407408