0 0.08529513888888889 0.7083622685185185 0.03268518518518517 0.03692129629629637
0 0.03355902777777778 0.5413483796296296 0.042395833333333334 0.05746527777777786
0 0.07982638888888889 0.49589120370370365 0.03268518518518517 0.03692129629629619
0 0.005752314814814816 0.2191261574074074 0.011504629629629632 0.0401041666666667
0 0.17919560185185185 0.2817997685185185 0.03687500000000003 0.04328703703703703
0 0.1497511574074074 0.42693865740740744 0.030057870370370353 0.030613425925925954
0 0.2113425925925926 0.4991898148148149 0.0444212962962963 0.04201388888888893
0 0.20152199074074076 0.5845196759259259 0.04834490740740742 0.046817129629629764
0 0.23038194444444446 0.6689236111111111 0.04365740740740733 0.04664351851851869
0 0.26373263888888887 0.8423321759259259 0.03836805555555554 0.024710648148148096
0 0.3309085648148148 0.49418402777777776 0.042893518518518546 0.051273148148148096
0 0.26980324074074075 0.2898726851851852 0.05043981481481481 0.05
0 0.23206597222222225 0.31756365740740744 0.03790509259259256 0.04021990740740744
0 0.3510821759259259 0.3203993055555555 0.04525462962962958 0.05601851851851851
0 0.40442129629629625 0.441087962962963 0.04495370370370359 0.04513888888888893
0 0.4851388888888889 0.5533564814814815 0.025902777777777785 0.03356481481481488
0 0.5463425925925927 0.44791666666666663 0.04934027777777779 0.03443287037037024
0 0.5193344907407408 0.3203414351851852 0.04864583333333332 0.05769675925925934
0 0.47000578703703705 0.1714988425925926 0.03527777777777778 0.033912037037037025
0 0.5145601851851852 0.13148148148148148 0.03478009259259274 0.0401041666666667
0 0.7734780092592592 0.4067997685185185 0.03824074074074062 0.060416666666666605
0 0.6355034722222223 0.4598668981481481 0.03787037037037031 0.030902777777777855
0 0.6222627314814815 0.6252604166666667 0.035509259259259095 0.02615740740740744
0 0.7608564814814816 0.7577546296296296 0.056192129629629585 0.05642361111111107
0 0.7716030092592593 0.5977719907407407 0.04365740740740733 0.046643518518518515