0 0.47081597222222216 0.67421875 0.036539351851851976 0.027835648148148096
0 0.3703009259259259 0.5408564814814815 0.02378472222222223 0.02424768518518512
0 0.3028587962962963 0.5464699074074074 0.03574074074074076 0.037152777777777854
0 0.23392939814814814 0.6276909722222221 0.035104166666666714 0.029340277777777857
0 0.17347800925925927 0.5761863425925926 0.02572916666666667 0.028993055555555536
0 0.1329050925925926 0.5005787037037037 0.027256944444444466 0.04774305555555554
0 0.27592592592592596 0.3130208333333333 0.0436805555555555 0.039004629629629584
0 0.33412615740740736 0.3443576388888889 0.03299768518518516 0.041724537037037025
0 0.3483159722222222 0.44742476851851853 0.025856481481481453 0.030555555555555537
0 0.45365740740740745 0.4450810185185185 0.0389930555555555 0.038831018518518515
0 0.45826967592592593 0.3693576388888889 0.03417824074074076 0.03709490740740744
0 0.4794270833333334 0.3677951388888889 0.030000000000000072 0.04317129629629628
0 0.5351388888888888 0.4965856481481481 0.03016203703703706 0.026041666666666786
0 0.6422511574074073 0.6063368055555556 0.031597222222222145 0.024537037037037024
0 0.6684722222222221 0.45659722222222215 0.04326388888888886 0.053009259259259166
0 0.7400752314814815 0.5528645833333333 0.03545138888888886 0.05271990740740744
0 0.8111284722222223 0.5985243055555556 0.029456018518518333 0.055613425925925955
0 0.7597280092592593 0.3021122685185185 0.04157407407407412 0.05138888888888893
0 0.7185937499999999 0.09956597222222222 0.032199074074074116 0.05104166666666667
0 0.6606944444444445 0.054976851851851846 0.02442129629629619 0.032060185185185185
0 0.597494212962963 0.17103587962962963 0.03443287037037024 0.0402199074074074