0 0.7246932870370371 0.22694444444444448 0.017465277777777642 0.019131944444444392
0 0.8215682870370369 0.8578125 0.017395833333333145 0.01444444444444457
0 0.6542708333333334 0.3793402777777778 0.023923611111111142 0.033333333333333395
0 0.6376099537037037 0.3625173611111111 0.01912037037037031 0.025416666666666643
0 0.668900462962963 0.5228125 0.02075231481481481 0.030138888888888892
0 0.6488310185185184 0.5396701388888889 0.02693287037037031 0.025590277777777715
0 0.6255266203703703 0.4964236111111111 0.02224537037037031 0.025486111111111143
0 0.6065104166666666 0.47887152777777775 0.025324074074073978 0.02243055555555564
0 0.5716956018518518 0.4499479166666667 0.028726851851851976 0.04125000000000014
0 0.5814699074074074 0.5294444444444444 0.022291666666666644 0.028611111111111143
0 0.590607638888889 0.5659722222222222 0.026886574074073976 0.022465277777777716
0 0.5419733796296297 0.5537673611111111 0.03332175925925931 0.035104166666666714
0 0.5382696759259259 0.5147743055555555 0.025393518518518475 0.02711805555555564
0 0.5010243055555555 0.42729166666666674 0.025486111111111143 0.033368055555555644
0 0.548420138888889 0.46140625 0.03180555555555564 0.03819444444444446
0 0.5008564814814814 0.36321180555555554 0.02543981481481481 0.030243055555555554
0 0.5202488425925926 0.24789930555555556 0.02849537037037031 0.025624999999999964
0 0.48567129629629624 0.28774305555555557 0.039733796296296295 0.04618055555555554
0 0.47101273148148143 0.3005729166666667 0.027094907407407477 0.036527777777777715
0 0.4139467592592593 0.19399305555555557 0.020798611111111143 0.03326388888888889
0 0.36148148148148146 0.23970486111111108 0.025277777777777823 0.01930555555555564
0 0.2899826388888889 0.1084375 0.015949074074074154 0.022222222222222233
0 0.4224768518518518 0.3477604166666667 0.03474537037037031 0.025763888888888874
0 0.4035185185185185 0.43961805555555555 0.03332175925925931 0.035104166666666714
0 0.4052372685185185 0.5028819444444445 0.01912037037037031 0.025416666666666643
0 0.31883101851851847 0.5259027777777778 0.030312499999999964 0.04284722222222222