0 0.83203125 0.2599826388888889 0.0375 0.027118055555555555
0 0.64296875 0.222806712962963 0.0421875 0.027187499999999965
0 0.671875 0.2818287037037037 0.0390625 0.036516203703703634
0 0.696875 0.31266782407407406 0.028125 0.036354166666666646
0 0.634375 0.33439814814814817 0.0515625 0.028888888888888964
0 0.58828125 0.38059027777777776 0.0328125 0.037986111111111144
0 0.715625 0.37700810185185185 0.0375 0.025555555555555554
0 0.84140625 0.46637152777777774 0.0328125 0.03329861111111114
0 0.9328125 0.48960069444444443 0.053125 0.04609953703703695
0 0.9875 0.44666087962962964 0.025 0.03005787037037031
0 0.85 0.5641550925925926 0.0296875 0.03637731481481481
0 0.64765625 0.5736574074074074 0.028125 0.02385416666666664