0 0.66796875 0.2125 0.01953125 0.02890625
0 0.58125 0.296875 0.025 0.02109375
0 0.04140625 0.32265625 0.0234375 0.0234375
0 0.4484375 0.39140625 0.0234375 0.02578125
0 0.4078125 0.35859375 0.03125 0.01953125
0 0.55 0.33046875 0.04765625 0.01640625
0 0.5765625 0.34296875 0.01796875 0.02109375
0 0.7140625 0.41328125 0.0265625 0.01875
0 0.39765625 0.3859375 0.021875 0.02109375
0 0.39375 0.44921875 0.01640625 0.034375
0 0.36015625 0.45859375 0.0265625 0.025
0 0.4703125 0.40625 0.01796875 0.03359375
0 0.51171875 0.43125 0.04140625 0.01640625
0 0.4359375 0.44921875 0.028125 0.0296875
0 0.61953125 0.42578125 0.025 0.01640625
0 0.628125 0.44609375 0.0296875 0.02109375
0 0.69375 0.45390625 0.04765625 0.02734375
0 0.80625 0.49765625 0.034375 0.0171875
0 0.559375 0.48515625 0.03125 0.0296875
0 0.50859375 0.453125 0.04765625 0.01640625
0 0.425 0.48984375 0.04296875 0.034375
0 0.4796875 0.47109375 0.0234375 0.02734375
0 0.46328125 0.47734375 0.0265625 0.01484375
0 0.4890625 0.48828125 0.01953125 0.025
0 0.615625 0.4671875 0.04140625 0.0296875
0 0.68984375 0.4765625 0.06640625 0.01328125
0 0.7765625 0.55703125 0.03125 0.03984375
0 0.925 0.5796875 0.034375 0.0359375
0 0.65546875 0.53671875 0.034375 0.03203125
0 0.69609375 0.5484375 0.0328125 0.03984375
0 0.57265625 0.58203125 0.03125 0.03125
0 0.51953125 0.59921875 0.04296875 0.02578125
0 0.51328125 0.68515625 0.034375 0.02890625
0 0.67109375 0.75859375 0.0328125 0.0234375