0 0.1548321759259259 0.9772916666666667 0.04791666666666665 0.030069444444444572
0 0.31319444444444444 0.8160416666666667 0.05526620370370372 0.027291666666666714
0 0.49725115740740744 0.7573784722222222 0.04253472222222214 0.02517361111111107
0 0.282349537037037 0.8013020833333332 0.03628472222222223 0.02489583333333343
0 0.5096064814814815 0.7217534722222222 0.03923611111111107 0.03434027777777775
0 0.4459780092592592 0.7212847222222222 0.0387731481481481 0.03121527777777775
0 0.5146122685185185 0.6401909722222222 0.045949074074074045 0.03774305555555557
0 0.4703414351851851 0.6523784722222222 0.03807870370370381 0.02652777777777775
0 0.3739004629629629 0.6504513888888889 0.060821759259259256 0.022881944444444358
0 0.4150173611111111 0.7073263888888889 0.03616898148148149 0.045069444444444426
0 0.48949652777777775 0.5973958333333333 0.045949074074074045 0.03774305555555557
0 0.43093171296296295 0.6105208333333334 0.03275462962962976 0.03249999999999993
0 0.09788773148148147 0.7246875 0.045486111111111116 0.03461805555555557
0 0.3119212962962963 0.6123090277777777 0.04392361111111107 0.03454861111111107
0 0.22737268518518522 0.6415798611111111 0.04126157407407405 0.037534722222222074
0 0.1359375 0.6642534722222222 0.05063657407407405 0.037951388888888896
0 0.1433159722222222 0.6409895833333333 0.04994212962962963 0.03326388888888889
0 0.004687499999999995 0.6325868055555556 0.00937499999999999 0.03590277777777775
0 0.020688657407407402 0.5395659722222221 0.041377314814814804 0.04847222222222207
0 0.17699652777777777 0.5622743055555556 0.04265046296296297 0.04690972222222225
0 0.2816261574074074 0.49300347222222224 0.03744212962962967 0.03270833333333343
0 0.35870949074074077 0.4610416666666667 0.04438657407407405 0.037673611111111074
0 0.3617476851851852 0.3502951388888889 0.03674768518518521 0.02802083333333334