0 0.42437500000000006 0.035173611111111114 0.06125000000000007 0.052847222222222226
0 0.32458333333333333 0.11798611111111112 0.04677083333333325 0.0462847222222222
0 0.16911458333333335 0.3134548611111111 0.06072916666666668 0.06843750000000001
0 0.30255208333333333 0.3023784722222222 0.053437499999999985 0.05267361111111111
0 0.44052083333333336 0.21885416666666666 0.03989583333333328 0.03677083333333329
0 0.5985416666666666 0.2956944444444444 0.03874999999999993 0.04298611111111113
0 0.4497395833333334 0.3805381944444444 0.05479166666666657 0.049583333333333354
0 0.28822916666666665 0.4970833333333333 0.04864583333333332 0.051006944444444355
0 0.3520833333333333 0.3666666666666667 0.046354166666666606 0.040034722222222284
0 0.43859375 0.5175868055555555 0.043020833333333286 0.036840277777777784
0 0.5528645833333334 0.6168576388888889 0.04385416666666657 0.04934027777777779
0 0.6809895833333333 0.5846006944444444 0.05 0.04791666666666661
0 0.7398958333333333 0.41506944444444444 0.036666666666666715 0.03513888888888896
0 0.6901041666666666 0.6628125 0.04833333333333343 0.04631944444444436
0 0.8178124999999999 0.6594097222222223 0.058854166666666784 0.06371527777777786
0 0.6902604166666666 0.8874826388888888 0.08260416666666667 0.092326388888889
0 0.6486458333333334 0.7313194444444445 0.05166666666666657 0.04951388888888886
0 0.6057812499999999 0.8372395833333333 0.046875 0.047847222222222284
0 0.48588541666666674 0.8876215277777778 0.057187499999999857 0.062118055555555426
0 0.4200520833333334 0.7894270833333333 0.051458333333333425 0.046388888888888855
0 0.5013020833333333 0.7561284722222222 0.04312500000000004 0.038402777777777786
0 0.4135416666666667 0.6566666666666666 0.058229166666666644 0.054340277777777855
0 0.2783333333333333 0.6528819444444445 0.046666666666666676 0.04472222222222229
0 0.17484375000000002 0.6802256944444445 0.050416666666666644 0.054166666666666786
0 0.5441666666666667 0.5917013888888889 0.04489583333333336 0.041562499999999857