0 0.14299189814814814 0.11685763888888889 0.046076388888888875 0.03843749999999999
0 0.2589814814814815 0.8999652777777778 0.05189814814814815 0.04947916666666678
0 0.3558796296296296 0.7021701388888889 0.0500694444444445 0.06190972222222228
0 0.3783680555555556 0.7258333333333333 0.040474537037037094 0.04454861111111121
0 0.3378761574074074 0.5225173611111111 0.03718750000000002 0.042916666666666714
0 0.3650925925925926 0.49307291666666664 0.03875000000000002 0.04295138888888896
0 0.39605902777777774 0.5477256944444445 0.03934027777777782 0.033611111111111217
0 0.4184664351851852 0.5721701388888889 0.04672453703703709 0.04468749999999986
0 0.48365740740740737 0.5824131944444444 0.04284722222222222 0.05239583333333329
0 0.4487384259259259 0.49822916666666667 0.04284722222222222 0.05239583333333329
0 0.4374074074074074 0.4571701388888889 0.046238425925925954 0.040000000000000036
0 0.49427662037037035 0.4574652777777778 0.05626157407407408 0.04645833333333336
0 0.50625 0.5148784722222223 0.0427893518518518 0.036805555555555536
0 0.5217361111111111 0.8465798611111112 0.039988425925925955 0.039861111111111215
0 0.5506249999999999 0.703298611111111 0.03950231481481481 0.03517361111111121
0 0.5683275462962963 0.7956597222222224 0.05378472222222221 0.05263888888888886
0 0.545150462962963 0.6207986111111111 0.05017361111111107 0.04788194444444436
0 0.6542939814814815 0.8911805555555556 0.04645833333333336 0.05715277777777743
0 0.5940046296296296 0.7810590277777777 0.04990740740740733 0.06034722222222229
0 0.6513773148148149 0.7088541666666666 0.059710648148148235 0.04965277777777786
0 0.7304918981481482 0.8403819444444445 0.04106481481481481 0.035208333333333286
0 0.678587962962963 0.5967881944444444 0.05567129629629619 0.055798611111111104
0 0.6751331018518518 0.517361111111111 0.047372685185185046 0.05093749999999986