0 0.1638310185185185 0.3015625 0.03240740740740744 0.03125
0 0.27317708333333335 0.45 0.01851851851851851 0.0359375
0 0.2913483796296296 0.4234375 0.020949074074074047 0.0171875
0 0.39675925925925926 0.27734375 0.019733796296296367 0.0265625
0 0.4417534722222222 0.30703125 0.03859953703703702 0.0296875
0 0.5038483796296296 0.19140625 0.0171875 0.0421875
0 0.45844907407407404 0.3203125 0.02199074074074083 0.0453125
0 0.44178240740740743 0.390625 0.024768518518518513 0.0359375
0 0.28680555555555554 0.609375 0.028182870370370417 0.04375
0 0.31264467592592593 0.62890625 0.02285879629629628 0.0265625
0 0.3778645833333333 0.63984375 0.03859953703703702 0.0296875
0 0.32563657407407404 0.5734375 0.02748842592592595 0.025
0 0.3437210648148148 0.54921875 0.02581018518518512 0.021875
0 0.40509259259259256 0.51640625 0.021643518518518513 0.0359375
0 0.38090277777777776 0.6 0.024768518518518513 0.0359375
0 0.44982638888888893 0.46875 0.026041666666666786 0.028125
0 0.4265914351851851 0.56875 0.026041666666666786 0.028125
0 0.4239293981481481 0.61953125 0.03246527777777786 0.0328125
0 0.5233217592592593 0.36171875 0.03541666666666661 0.028125
0 0.5712673611111111 0.22734375 0.02581018518518512 0.021875
0 0.6234085648148149 0.0640625 0.029398148148148097 0.034375
0 0.5603587962962964 0.45859375 0.03848379629629619 0.0265625
0 0.5743634259259259 0.5234375 0.02818287037037024 0.04375