0 0.44296875 0.6768229166666666 0.044791666666666605 0.039004629629629764
0 0.29131944444444446 0.7252314814814815 0.0421875 0.04357638888888893
0 0.5126736111111111 0.6726851851851852 0.05538194444444429 0.03628472222222214
0 0.5638020833333333 0.6396701388888889 0.042881944444444466 0.035821759259259164
0 0.6359375 0.6486689814814814 0.03836805555555554 0.0372106481481481
0 0.631076388888889 0.7134259259259259 0.04253472222222214 0.03269675925925917
0 0.6135416666666667 0.752199074074074 0.051041666666666784 0.03923611111111107
0 0.45546875 0.7883969907407407 0.04618055555555554 0.0375
0 0.8778645833333332 0.6350405092592593 0.025868055555555713 0.022743055555555537
0 0.7485243055555555 0.5666956018518519 0.05208333333333322 0.04861111111111107
0 0.51640625 0.5550636574074075 0.0359375 0.029340277777777857
0 0.5699652777777777 0.5421875 0.02795138888888893 0.02748842592592595
0 0.6891493055555555 0.5408854166666666 0.05555555555555554 0.03784722222222214
0 0.7013020833333334 0.5015335648148148 0.04565972222222214 0.0328125
0 0.6322916666666666 0.47141203703703705 0.032638888888888926 0.027662037037037023
0 0.5317708333333334 0.47980324074074077 0.05451388888888893 0.042476851851851904
0 0.40078125 0.4823206018518519 0.05347222222222214 0.0331018518518519
0 0.29696180555555557 0.429369212962963 0.062152777777777765 0.04120370370370381
0 0.15078125 0.3865451388888889 0.0515625 0.04392361111111107
0 0.24956597222222224 0.323755787037037 0.05486111111111107 0.031597222222222235
0 0.3978298611111111 0.24279513888888887 0.058333333333333307 0.03483796296296297
0 0.4017361111111112 0.3406828703703703 0.044618055555555536 0.03744212962962958
0 0.4461805555555555 0.4028356481481481 0.0421875 0.04357638888888893
0 0.5510416666666667 0.36238425925925927 0.046875 0.029745370370370415
0 0.6923611111111111 0.34392361111111114 0.024131944444444286 0.02112268518518521
0 0.7094618055555555 0.2950520833333333 0.05225694444444447 0.03616898148148149
0 0.85 0.22760416666666666 0.0453125 0.0296875
0 0.8510416666666666 0.18321759259259257 0.0421875 0.04357638888888889
0 0.7786458333333333 0.1345486111111111 0.03975694444444446 0.03570601851851851